axis,axis_bin,axis_max,axis_min,bootstraps_0,bootstraps_1,bootstraps_2,err_0,err_1,err_2,par_0,par_1,par_2
missing_mass,0,1.433891475200653,1.2000024318695068,"[0.02662495 0.01486706 0.01766343 0.02436841 0.00538729 0.01679088
 0.01675479 0.02006047 0.01551063 0.02083963 0.01146656 0.01617082
 0.01370123 0.01491163 0.01693825 0.01727026 0.01904573 0.01353706
 0.01855929 0.01460771 0.01398384 0.01512906 0.01636256 0.01219942
 0.01105848 0.00736056 0.02505402 0.01739004 0.01786543 0.01732712
 0.01283667 0.0160992  0.01849172 0.01798163 0.02610108 0.02834856
 0.01871573 0.02084964 0.0158162  0.01620417 0.02016003 0.01714967
 0.0184551  0.02072172 0.01264248 0.01238024 0.01480222 0.02397604
 0.01721552 0.01950544 0.01337933 0.01367021 0.01929154 0.01709763
 0.01589316 0.01546783 0.01763116 0.0176287  0.01501583 0.0119192
 0.01233089 0.0231082  0.01695758 0.01436166]","[-0.1        -0.1        -0.1        -0.1        -0.1        -0.1
 -0.0763026  -0.1        -0.1        -0.1        -0.1        -0.1
  0.1        -0.1        -0.1        -0.1        -0.1        -0.1
 -0.1         0.1        -0.1        -0.1        -0.1        -0.1
  0.1        -0.1        -0.1        -0.1        -0.1        -0.1
 -0.1        -0.1        -0.1        -0.1        -0.1         0.01699236
 -0.1         0.03706093  0.00383829 -0.1        -0.1        -0.1
  0.1        -0.1        -0.1        -0.1        -0.1        -0.1
 -0.1        -0.1        -0.1         0.1        -0.1        -0.1
 -0.1        -0.1        -0.1         0.1        -0.1        -0.1
 -0.1        -0.1        -0.1        -0.1       ]","[ 0.1        -0.1        -0.1        -0.1         0.1        -0.06831277
  0.1         0.1         0.1        -0.1        -0.02396898 -0.1
 -0.05107138  0.1        -0.04732193  0.1         0.1        -0.1
 -0.1         0.1        -0.1         0.03255194 -0.1        -0.1
  0.1        -0.1        -0.1         0.05023418 -0.1        -0.1
 -0.1        -0.1         0.1        -0.1         0.1        -0.1
  0.1        -0.1         0.1         0.1        -0.1         0.1
 -0.0208752  -0.1         0.1         0.1        -0.1        -0.08716214
 -0.1         0.07731568  0.1         0.1        -0.07770149  0.1
 -0.08229756  0.1         0.04014708  0.1         0.1        -0.1
 -0.08693538 -0.1        -0.1         0.1       ]",0.004187173675745726,0.06183800846338272,0.09325393289327621,0.01689082197844982,-0.07528767734766006,-0.006959342863410711
missing_mass,1,1.5403051674365995,1.433891475200653,"[0.03566929 0.03967322 0.03532878 0.03717206 0.0435854  0.03976569
 0.04111311 0.04194987 0.03777471 0.0392669  0.04346088 0.03808145
 0.03784349 0.03621573 0.03958726 0.04193642 0.04048294 0.03817714
 0.03186235 0.03753512 0.03675932 0.0391846  0.03769592 0.0324188
 0.04118644 0.04149527 0.03773269 0.04123943 0.04059078 0.03518111
 0.0430763  0.04443719 0.03525701 0.04603375 0.03660312 0.04189197
 0.04435452 0.04600793 0.03502766 0.04068883 0.0339554  0.04550765
 0.04165718 0.04301194 0.04017214 0.04072654 0.03703638 0.03836241
 0.03817458 0.04420445 0.04101485 0.03949003 0.03072557 0.04321994
 0.03324183 0.04305704 0.03671496 0.03414663 0.04078747 0.0319613
 0.04332051 0.03700281 0.0400816  0.04005647]","[-0.1        -0.1        -0.1        -0.1        -0.1        -0.1
 -0.1        -0.1        -0.1        -0.1        -0.1        -0.1
 -0.1        -0.1        -0.1        -0.1        -0.1        -0.1
 -0.1        -0.1        -0.1        -0.1        -0.1        -0.1
 -0.1        -0.1        -0.1        -0.1        -0.1        -0.1
 -0.1        -0.1        -0.1        -0.1        -0.1        -0.07170444
 -0.1        -0.1        -0.1         0.1        -0.1         0.01217531
 -0.1        -0.1        -0.1        -0.1        -0.1        -0.1
 -0.1        -0.1        -0.1        -0.1        -0.1        -0.04951203
 -0.1        -0.1        -0.1        -0.1         0.1        -0.1
 -0.1        -0.1        -0.1        -0.1       ]","[-0.1        -0.1         0.1        -0.1        -0.1        -0.1
 -0.1        -0.1         0.1        -0.1        -0.1        -0.1
  0.1        -0.1        -0.1        -0.1        -0.1        -0.1
 -0.1         0.01205475 -0.1        -0.1         0.1         0.1
  0.06559099 -0.1        -0.1        -0.1        -0.1         0.1
 -0.1        -0.1         0.1        -0.1        -0.1        -0.1
 -0.1        -0.1        -0.1        -0.1         0.1        -0.1
 -0.1        -0.1        -0.1        -0.1         0.1        -0.07116331
 -0.1        -0.1        -0.1        -0.1         0.1        -0.1
 -0.1        -0.1         0.04424195 -0.1        -0.1         0.1
 -0.1         0.1        -0.1        -0.1       ]",0.003611965337768197,0.03759907931089401,0.08049023151397705,0.0392339713871479,-0.09076628088951111,-0.05545743182301521
missing_mass,2,1.6446168571710589,1.5403051674365995,"[0.03468973 0.03704122 0.03546629 0.03674074 0.03073788 0.04230299
 0.03693461 0.04164853 0.03591486 0.03664499 0.04010617 0.0419763
 0.02983762 0.03373957 0.03453236 0.04179515 0.03070773 0.03336767
 0.0321231  0.03317681 0.03449374 0.04047151 0.0426447  0.03614039
 0.03607384 0.0315414  0.03675903 0.03881741 0.04645471 0.04109788
 0.03254933 0.03647134 0.03185964 0.03342238 0.03968969 0.03568746
 0.03696499 0.04409928 0.03704261 0.03627187 0.03263526 0.038025
 0.04270393 0.0402174  0.03458676 0.03199476 0.0334989  0.03539755
 0.04283902 0.03275195 0.03790464 0.03061712 0.03382068 0.04265742
 0.04051751 0.04071086 0.03004546 0.03793211 0.03309502 0.04014424
 0.04287889 0.0335509  0.0360014  0.03404495]","[-0.1        -0.1        -0.1        -0.1        -0.1        -0.1
 -0.1        -0.1        -0.1        -0.1        -0.1        -0.1
 -0.1        -0.1        -0.1        -0.1        -0.1        -0.1
 -0.1        -0.1        -0.1        -0.1        -0.04524794 -0.1
 -0.1        -0.1        -0.1        -0.1        -0.1        -0.1
 -0.1        -0.1        -0.1        -0.1        -0.1        -0.1
 -0.1        -0.1        -0.1        -0.1        -0.1        -0.1
 -0.1        -0.1        -0.1        -0.1        -0.1        -0.1
 -0.1        -0.1        -0.1        -0.1        -0.1        -0.1
 -0.1        -0.1        -0.1        -0.1        -0.1        -0.1
 -0.1        -0.1        -0.1        -0.1       ]","[ 0.1         0.1         0.1         0.05206907  0.1         0.0733216
 -0.06923843  0.08173875  0.1         0.1         0.06489667 -0.09337205
  0.1         0.1         0.00381988  0.1         0.1         0.1
 -0.1         0.1         0.09943096  0.06361631 -0.06633648  0.02040723
  0.1         0.1         0.1         0.08214667 -0.06390882 -0.07284171
 -0.1         0.1        -0.1         0.1        -0.08446322  0.1
  0.1        -0.1         0.09868208 -0.1         0.1         0.09291408
 -0.1        -0.09940048  0.1         0.1         0.1         0.01382511
 -0.1        -0.1        -0.1         0.1         0.1         0.1
  0.1        -0.1         0.09091639  0.0704535   0.02395667 -0.07580974
 -0.1         0.00956244 -0.1         0.1       ]",0.00399024598300457,0.006790327839553356,0.0852598249912262,0.036665771156549454,-0.09914450347423553,0.029943540692329407
missing_mass,3,1.749692976474762,1.6446168571710589,"[0.0247343  0.02596057 0.03028811 0.02532691 0.02628574 0.03419728
 0.02479867 0.0314942  0.03084498 0.02759411 0.03276581 0.02669604
 0.02391265 0.02440365 0.02868344 0.02704193 0.02225245 0.02794149
 0.02419484 0.02994024 0.0232518  0.01989341 0.03453043 0.02647116
 0.03114407 0.02820489 0.02990341 0.02868154 0.02799992 0.02452927
 0.03717118 0.026651   0.03640378 0.03023779 0.03305942 0.03155283
 0.0297849  0.02748261 0.02955781 0.03402762 0.02545522 0.02995703
 0.02926222 0.02751381 0.02209334 0.03230942 0.01806854 0.02932897
 0.03274415 0.02912804 0.02499941 0.02357556 0.03180832 0.0255148
 0.03134825 0.02726268 0.02433769 0.02686469 0.03157482 0.03356211
 0.03080342 0.02597857 0.02763605 0.02337649]","[-0.09988163 -0.1         0.1         0.05347567 -0.1         0.08927266
 -0.1        -0.1        -0.0252407  -0.1         0.06537416  0.04979237
 -0.1        -0.1        -0.1        -0.1         0.05155393  0.1
  0.09044032 -0.1         0.1        -0.04086746  0.03458114 -0.1
 -0.1         0.06191701 -0.1        -0.02615256 -0.09795435 -0.08162799
 -0.1        -0.04256434 -0.1         0.02401737 -0.1        -0.05933918
  0.1         0.1        -0.1         0.1         0.00707666 -0.1
 -0.09657943  0.09993458 -0.1        -0.02988611 -0.1         0.043373
 -0.05764796  0.04328341 -0.05738087 -0.1        -0.1         0.1
 -0.1        -0.1         0.038614   -0.1         0.06555863  0.1
 -0.01474282  0.0648512  -0.07884979 -0.0947709 ]","[0.1 0.1 0.1 0.1 0.1 0.1 0.1 0.1 0.1 0.1 0.1 0.1 0.1 0.1 0.1 0.1 0.1 0.1
 0.1 0.1 0.1 0.1 0.1 0.1 0.1 0.1 0.1 0.1 0.1 0.1 0.1 0.1 0.1 0.1 0.1 0.1
 0.1 0.1 0.1 0.1 0.1 0.1 0.1 0.1 0.1 0.1 0.1 0.1 0.1 0.1 0.1 0.1 0.1 0.1
 0.1 0.1 0.1 0.1 0.1 0.1 0.1 0.1 0.1 0.1]",0.003847777843475342,0.07988065481185913,7.450580596923828e-09,0.028193747624754906,-0.02688078209757805,0.10000000894069672
missing_mass,4,1.850797563791275,1.749692976474762,"[0.03147547 0.03489709 0.03338293 0.04475906 0.04074823 0.03216263
 0.03624206 0.03559261 0.03464468 0.03669731 0.03189142 0.03925852
 0.02855422 0.0333386  0.02959228 0.03836184 0.0351925  0.0336755
 0.03504278 0.03387482 0.03977757 0.02430259 0.03473668 0.03635947
 0.04233664 0.02996906 0.03193682 0.03267292 0.02934029 0.03545095
 0.03232745 0.03848849 0.02680836 0.02643637 0.03345133 0.03434636
 0.0312422  0.03444075 0.03131303 0.0276227  0.03059887 0.03276583
 0.04077634 0.0349718  0.02819249 0.03146112 0.03067205 0.03018251
 0.02612264 0.02923662 0.0360634  0.03043425 0.02467744 0.03375095
 0.04332247 0.03394288 0.03019468 0.03501089 0.03263062 0.03581005
 0.04008648 0.03121697 0.03104958 0.02547762]","[-0.1 -0.1 -0.1 -0.1 -0.1 -0.1 -0.1 -0.1 -0.1 -0.1 -0.1 -0.1 -0.1 -0.1
 -0.1 -0.1 -0.1 -0.1 -0.1 -0.1 -0.1 -0.1 -0.1 -0.1 -0.1 -0.1 -0.1 -0.1
 -0.1 -0.1 -0.1 -0.1 -0.1 -0.1 -0.1 -0.1 -0.1 -0.1 -0.1 -0.1 -0.1 -0.1
 -0.1 -0.1 -0.1 -0.1 -0.1 -0.1 -0.1 -0.1 -0.1 -0.1 -0.1 -0.1 -0.1 -0.1
 -0.1 -0.1 -0.1 -0.1 -0.1 -0.1 -0.1 -0.1]","[ 0.1        -0.1         0.1        -0.1        -0.1        -0.1
 -0.1        -0.1        -0.01434315 -0.1        -0.1         0.01276278
  0.1         0.04920895 -0.1         0.05706736 -0.07162816 -0.1
  0.1         0.00082299 -0.1        -0.1        -0.1        -0.1
 -0.1        -0.1         0.1        -0.1        -0.1        -0.1
 -0.1        -0.1         0.1         0.1        -0.1        -0.1
  0.1        -0.1        -0.1         0.08433874  0.1         0.1
 -0.07924628  0.1         0.1         0.1         0.08965334  0.09626198
 -0.05989985  0.1         0.1         0.05632367  0.1        -0.1
 -0.1         0.1         0.1        -0.1         0.1        -0.1
  0.02395518  0.1         0.1         0.1       ]",0.004410432185977697,7.450580596923828e-09,0.09320496022701263,0.03330301493406296,-0.10000000894069672,-0.0071050385013222694
missing_mass,5,1.9580667912960048,1.850797563791275,"[0.03283834 0.02530536 0.02212819 0.03005351 0.03415598 0.03382729
 0.03120034 0.02951568 0.02987397 0.02106225 0.02881149 0.02739477
 0.03517617 0.0325659  0.02614271 0.02996491 0.02491441 0.02913722
 0.03805219 0.02189475 0.02020134 0.03439425 0.02029404 0.03171061
 0.03446237 0.03037865 0.02875033 0.02925898 0.03256005 0.02347996
 0.02876972 0.03817326 0.03411201 0.03651569 0.03113918 0.03320957
 0.03258414 0.03280843 0.03004893 0.03491702 0.03115905 0.03062619
 0.02025487 0.02814534 0.03479535 0.03189154 0.02792332 0.03415889
 0.02531903 0.0287171  0.03635311 0.0285568  0.0238051  0.03285329
 0.03453316 0.03155797 0.02949709 0.02960587 0.03204983 0.03988438
 0.02963918 0.03035149 0.03004245 0.02638435]","[ 0.1         0.1         0.1         0.00393677 -0.1         0.1
  0.1         0.1         0.1        -0.1         0.1         0.1
  0.1        -0.1         0.1         0.1        -0.1         0.1
  0.1        -0.1        -0.1         0.1         0.1         0.1
 -0.1        -0.1        -0.1        -0.1         0.1         0.1
  0.1         0.1        -0.00465248  0.1         0.1        -0.1
  0.1         0.1        -0.1         0.1         0.1        -0.1
  0.1         0.07603266 -0.1         0.1         0.1        -0.00303478
 -0.1        -0.1         0.1         0.1         0.1         0.1
  0.04438265 -0.1        -0.04691079  0.09357283  0.08025351  0.1
 -0.1        -0.1        -0.1         0.1       ]","[-0.1        -0.1        -0.1         0.1        -0.1        -0.1
 -0.1        -0.1         0.03423376 -0.1        -0.1        -0.1
 -0.1        -0.1        -0.1        -0.1        -0.1        -0.1
 -0.1        -0.1        -0.1        -0.1        -0.1        -0.1
 -0.1        -0.1        -0.1        -0.1        -0.1        -0.1
 -0.1        -0.1        -0.07848737 -0.1        -0.1        -0.1
 -0.1        -0.1        -0.1        -0.1        -0.1        -0.1
  0.1        -0.1        -0.1        -0.1        -0.1        -0.1
 -0.1         0.00019502 -0.1        -0.1        -0.1        -0.1
 -0.1        -0.1         0.1         0.1        -0.1        -0.1
  0.1        -0.1        -0.1        -0.1       ]",0.004470035899430513,0.0911804735660553,0.05644049495458603,0.030154511332511902,0.028805943205952644,-0.08037592470645905
missing_mass,6,2.086146056652069,1.9580667912960048,"[0.01559869 0.02309492 0.0266823  0.02578871 0.01438173 0.02311413
 0.02707281 0.02063836 0.02392583 0.02242145 0.02152524 0.0272467
 0.02257988 0.02437652 0.01891379 0.02101805 0.01913719 0.02457307
 0.01777315 0.02647693 0.02344986 0.02182679 0.02065659 0.0231357
 0.02402448 0.02438167 0.02370832 0.02334341 0.02143949 0.02269092
 0.02129936 0.02115512 0.01338896 0.01996576 0.01586657 0.02690613
 0.01845926 0.02758293 0.02620442 0.01876343 0.02330645 0.02400216
 0.02380454 0.02513517 0.01705882 0.02721337 0.01865581 0.02634542
 0.02297127 0.02502448 0.02083026 0.02058314 0.0279021  0.02147857
 0.02194505 0.01560442 0.02130665 0.01857814 0.01936357 0.02642157
 0.02065381 0.02162663 0.02510551 0.02101328]","[-0.1        -0.1        -0.1        -0.1        -0.1        -0.1
 -0.1        -0.1        -0.1        -0.1        -0.1        -0.1
 -0.1        -0.1        -0.1        -0.1        -0.1         0.1
 -0.1        -0.1        -0.1        -0.1        -0.1        -0.1
 -0.1        -0.1        -0.1        -0.1        -0.1        -0.1
 -0.1        -0.1        -0.1        -0.1        -0.1        -0.1
 -0.1        -0.1        -0.1        -0.1        -0.1        -0.1
 -0.1         0.07235301 -0.1        -0.1        -0.1        -0.1
 -0.1        -0.1        -0.1        -0.1        -0.1        -0.1
 -0.1        -0.1        -0.1        -0.1        -0.1        -0.1
 -0.1        -0.1        -0.1        -0.1       ]","[ 0.1        -0.1        -0.1        -0.1         0.1         0.09731626
 -0.04545727 -0.1         0.1        -0.1         0.1        -0.0615347
  0.1         0.1         0.1         0.1         0.1        -0.07166843
  0.1        -0.04589258  0.1        -0.02394558  0.1         0.1
 -0.1         0.09475058 -0.03031409  0.1         0.1         0.1
 -0.1         0.1         0.1        -0.1        -0.02927631 -0.08245116
  0.1         0.00182976  0.1         0.1         0.1        -0.02633461
  0.1        -0.1         0.1         0.1         0.1         0.1
  0.1         0.1         0.1         0.1         0.02346949  0.0576489
  0.1         0.1        -0.1         0.05729706  0.1         0.1
 -0.05640613  0.1         0.00264852  0.01384944]",0.0033968384377658367,0.03248538076877594,0.08063922077417374,0.02219560742378235,-0.09418199211359024,0.038680143654346466
missing_mass,7,2.495670318603516,2.086146056652069,"[0.01585133 0.0134961  0.01534344 0.018986   0.02072086 0.02224222
 0.01644835 0.01464009 0.02388589 0.01812416 0.01263432 0.02086634
 0.01722777 0.01132913 0.01753791 0.02400712 0.01799372 0.01897484
 0.01919558 0.01263649 0.02206436 0.01346978 0.0229829  0.016795
 0.02116181 0.01157234 0.01938028 0.02112797 0.01186675 0.0204484
 0.01613264 0.01741914 0.01833948 0.01592727 0.01707166 0.01775096
 0.01561671 0.01730305 0.02142173 0.01883549 0.01026311 0.01610464
 0.01528175 0.01502564 0.01704378 0.01096513 0.0146303  0.00954398
 0.02301876 0.02578133 0.01721854 0.01966368 0.01328111 0.0166789
 0.01789912 0.02673929 0.02123428 0.01672796 0.02399783 0.01668523
 0.01720893 0.01421409 0.01567435 0.02110403]","[-0.1        -0.1        -0.1        -0.1        -0.1        -0.1
 -0.1        -0.1        -0.1        -0.1        -0.1        -0.1
 -0.1        -0.1        -0.1        -0.1        -0.1        -0.1
 -0.1        -0.1        -0.1        -0.1        -0.1        -0.1
 -0.1        -0.1        -0.1        -0.1        -0.1        -0.1
 -0.1        -0.1        -0.1        -0.1        -0.1        -0.1
  0.1        -0.1        -0.1        -0.1        -0.1        -0.1
 -0.1        -0.1        -0.1        -0.1        -0.1        -0.1
 -0.1        -0.1        -0.1        -0.1        -0.1        -0.1
 -0.1        -0.1        -0.1        -0.1        -0.1         0.08065338
 -0.1        -0.1        -0.1        -0.1       ]","[ 0.1         0.1        -0.1         0.1         0.1        -0.1
  0.1         0.1        -0.1         0.1         0.1        -0.1
  0.1         0.1         0.1         0.1         0.00195283  0.1
 -0.1         0.1        -0.1         0.1         0.1        -0.1
  0.05672911  0.1        -0.08682431 -0.1         0.1         0.08110987
  0.1        -0.1        -0.091709    0.1         0.1         0.0199811
 -0.1         0.1         0.1         0.1         0.1        -0.1
 -0.02567861 -0.01640454  0.1         0.1         0.1         0.1
 -0.1        -0.1         0.1        -0.1         0.1         0.1
 -0.1         0.03183635  0.1         0.1        -0.1        -0.1
  0.1         0.1         0.1        -0.1       ]",0.0038009146228432655,0.03315956890583038,0.09043247997760773,0.017575237900018692,-0.09405229985713959,0.0292342621833086
pt,0,0.20490924827754495,0.00048771032015793025,"[0.02682589 0.02315642 0.02832123 0.03232488 0.02771835 0.03097716
 0.02014893 0.02625455 0.03184138 0.02876498 0.02370467 0.02523422
 0.02472215 0.02138393 0.02455994 0.03070281 0.03078255 0.02644822
 0.03759358 0.03142995 0.0227079  0.03212785 0.02562056 0.02701976
 0.02555757 0.02891896 0.02064615 0.02872868 0.03151095 0.03456772
 0.03137891 0.02381576 0.02766068 0.03512352 0.01805022 0.03663069
 0.02245184 0.0247747  0.02712042 0.02292349 0.02790962 0.03390079
 0.03318286 0.02003217 0.02426943 0.03062405 0.02654535 0.02171418
 0.02481653 0.02885061 0.02650412 0.02833998 0.02776134 0.02519999
 0.02815146 0.02265097 0.03179219 0.027872   0.02863542 0.03176169
 0.03120949 0.02800133 0.03072362 0.0290306 ]","[ 0.04319222 -0.1        -0.1        -0.1         0.07774039 -0.1
 -0.1        -0.1        -0.1        -0.1         0.07895695 -0.1
 -0.1         0.1        -0.02968429  0.1        -0.1        -0.1
 -0.1        -0.0231723   0.1         0.1        -0.04246297 -0.1
 -0.1        -0.1         0.1         0.1        -0.01423578  0.1
 -0.1        -0.1        -0.1        -0.1        -0.1        -0.1
 -0.1        -0.1        -0.1         0.09474011 -0.1        -0.1
  0.1         0.05099825 -0.1        -0.1        -0.00947334  0.00566166
 -0.1        -0.1        -0.1         0.1         0.02484774 -0.1
 -0.1        -0.1        -0.1        -0.1         0.05483726 -0.1
 -0.1        -0.01551223  0.1        -0.1       ]","[ 0.1         0.1        -0.1         0.09020358  0.08835129 -0.1
  0.1        -0.1        -0.1         0.1        -0.1        -0.1
  0.1         0.1        -0.1        -0.1         0.07174484  0.1
  0.1        -0.1        -0.07244981 -0.1         0.1         0.1
  0.1        -0.1        -0.1        -0.1         0.05429185 -0.1
 -0.1         0.1        -0.1         0.06536987  0.07144996 -0.1
  0.1         0.1        -0.09612208 -0.1        -0.1        -0.1
 -0.07104421  0.1         0.1        -0.1         0.03968575 -0.1
  0.1        -0.1         0.1         0.04739776  0.1        -0.1
 -0.1         0.1        -0.1         0.1        -0.1         0.03280027
 -0.1         0.00736735  0.04457293 -0.1       ]",0.0041705709882080555,0.08090536296367645,0.09329468011856079,0.027651749551296234,-0.04224322736263275,-0.006662197411060333
pt,1,0.28064510971307755,0.20490924827754495,"[0.03792552 0.03708591 0.03396718 0.03799859 0.038334   0.03428493
 0.04084632 0.03761113 0.03940262 0.03919106 0.04063902 0.04050028
 0.03909124 0.03352201 0.03903688 0.04013747 0.03692104 0.03798434
 0.03914123 0.03127928 0.03074176 0.03520751 0.03391841 0.03569127
 0.03607124 0.03265809 0.03477617 0.03341953 0.0386906  0.02908564
 0.03777663 0.04092013 0.03329528 0.03316305 0.03944839 0.0337008
 0.04170224 0.03540035 0.03604963 0.03626488 0.03167253 0.03007523
 0.03376367 0.03711033 0.0319873  0.04203004 0.04086694 0.04285352
 0.03925075 0.03472773 0.03852798 0.03662395 0.03025114 0.02948295
 0.03387157 0.03561049 0.03395405 0.03126734 0.03312612 0.03979881
 0.03746746 0.03304413 0.04011574 0.04009462]","[-0.1        -0.1        -0.1        -0.1        -0.1        -0.1
 -0.1        -0.1        -0.1        -0.1        -0.1        -0.1
 -0.1        -0.1        -0.1        -0.1        -0.1        -0.1
 -0.1        -0.1        -0.1        -0.1        -0.1        -0.1
 -0.1        -0.1        -0.1        -0.1        -0.1        -0.1
 -0.1        -0.1        -0.1        -0.1        -0.1        -0.1
 -0.1        -0.1        -0.1        -0.1        -0.1        -0.1
 -0.1        -0.1        -0.1        -0.1        -0.1        -0.1
 -0.1        -0.1        -0.02438143 -0.1        -0.1        -0.1
 -0.1        -0.1        -0.1        -0.1        -0.1        -0.1
 -0.1        -0.1        -0.1        -0.1       ]","[0.1 0.1 0.1 0.1 0.1 0.1 0.1 0.1 0.1 0.1 0.1 0.1 0.1 0.1 0.1 0.1 0.1 0.1
 0.1 0.1 0.1 0.1 0.1 0.1 0.1 0.1 0.1 0.1 0.1 0.1 0.1 0.1 0.1 0.1 0.1 0.1
 0.1 0.1 0.1 0.1 0.1 0.1 0.1 0.1 0.1 0.1 0.1 0.1 0.1 0.1 0.1 0.1 0.1 0.1
 0.1 0.1 0.1 0.1 0.1 0.1 0.1 0.1 0.1 0.1]",0.003450371790677309,0.00937818456441164,7.450580596923828e-09,0.036257125437259674,-0.09881846606731415,0.10000000894069672
pt,2,0.340149249881506,0.28064510971307755,"[0.03198911 0.03208668 0.02306984 0.03429845 0.03169319 0.02971421
 0.02850191 0.0346715  0.02820798 0.03672132 0.02638267 0.03816733
 0.02578081 0.03859531 0.03907796 0.02971231 0.03297717 0.0273523
 0.02797511 0.03209081 0.03316473 0.0350514  0.02878691 0.030062
 0.0318581  0.02647742 0.03612773 0.03289656 0.02350316 0.02750399
 0.02088233 0.03659902 0.03127455 0.02671321 0.03366943 0.02893258
 0.03698831 0.04041844 0.02553017 0.02697157 0.02922826 0.02642926
 0.03555348 0.03916606 0.03050291 0.0346147  0.02723573 0.04133525
 0.03094154 0.0261162  0.02849381 0.03611682 0.03092562 0.03051001
 0.02562696 0.04312574 0.02890896 0.03125756 0.03431544 0.02805977
 0.03287834 0.02934206 0.03115686 0.02288036]","[-0.1        -0.1         0.03958797 -0.05916168 -0.1         0.1
 -0.1        -0.1        -0.1        -0.08109631 -0.1        -0.1
  0.1         0.1        -0.1        -0.1         0.1        -0.1
 -0.1        -0.1        -0.1        -0.1        -0.1        -0.1
 -0.1         0.1         0.1        -0.00722435  0.1         0.1
 -0.1        -0.1         0.01082301 -0.1        -0.1         0.1
 -0.1        -0.1        -0.1        -0.02142327  0.1         0.1
 -0.1        -0.1         0.1         0.1        -0.1         0.1
 -0.1        -0.1         0.1         0.1        -0.1        -0.1
  0.1        -0.1        -0.1        -0.1        -0.1         0.1
  0.1        -0.06692015  0.1         0.1       ]","[-0.1 -0.1 -0.1 -0.1 -0.1 -0.1 -0.1 -0.1 -0.1 -0.1 -0.1 -0.1 -0.1 -0.1
 -0.1 -0.1 -0.1 -0.1 -0.1 -0.1 -0.1 -0.1 -0.1 -0.1 -0.1 -0.1 -0.1 -0.1
 -0.1 -0.1 -0.1 -0.1 -0.1 -0.1 -0.1 -0.1 -0.1 -0.1 -0.1 -0.1 -0.1 -0.1
 -0.1 -0.1 -0.1 -0.1 -0.1 -0.1 -0.1 -0.1 -0.1 -0.1 -0.1 -0.1 -0.1 -0.1
 -0.1 -0.1 -0.1 -0.1 -0.1 -0.1 -0.1 -0.1]",0.004748125094920397,0.09205686300992966,7.450580596923828e-09,0.031206239014863968,-0.026334606111049652,-0.10000000894069672
pt,3,0.3953067660331726,0.340149249881506,"[0.04034979 0.03932676 0.03211805 0.03531992 0.0341078  0.04484724
 0.03852011 0.04176988 0.03438918 0.04369332 0.02916462 0.03143437
 0.03507524 0.03372924 0.03815406 0.0392487  0.03332715 0.03391315
 0.03483155 0.03088873 0.03683573 0.03148542 0.03933047 0.03301545
 0.03848506 0.02748381 0.03113257 0.03816942 0.03099963 0.0328418
 0.04289436 0.03818565 0.03604922 0.03312417 0.0396525  0.0319408
 0.03594106 0.03702049 0.03742551 0.0333919  0.03030089 0.04112987
 0.03316977 0.0362011  0.03006114 0.02932411 0.03335684 0.0310125
 0.03572964 0.03463379 0.03362212 0.03674809 0.03439293 0.03236252
 0.03009832 0.03600304 0.04258391 0.03186856 0.03511286 0.03713996
 0.03822096 0.03610495 0.03641923 0.04519879]","[-0.1 -0.1 -0.1 -0.1 -0.1 -0.1 -0.1 -0.1 -0.1 -0.1 -0.1 -0.1 -0.1 -0.1
 -0.1 -0.1 -0.1 -0.1 -0.1 -0.1 -0.1 -0.1 -0.1 -0.1 -0.1 -0.1 -0.1 -0.1
 -0.1 -0.1 -0.1 -0.1 -0.1 -0.1 -0.1 -0.1 -0.1 -0.1 -0.1 -0.1 -0.1 -0.1
 -0.1 -0.1 -0.1 -0.1 -0.1 -0.1 -0.1 -0.1 -0.1 -0.1 -0.1 -0.1 -0.1 -0.1
 -0.1 -0.1 -0.1 -0.1 -0.1 -0.1 -0.1 -0.1]","[ 0.02948678 -0.1         0.1         0.04533334  0.1         0.01640656
  0.1         0.03884695  0.1         0.05525229  0.1         0.01464369
 -0.1         0.05874218 -0.08479628 -0.1         0.1         0.1
 -0.00648481  0.08805054  0.1         0.07025423  0.05101525  0.02477601
  0.1        -0.01966045  0.05679817  0.1         0.1         0.05205953
 -0.00065253  0.1        -0.07803457 -0.08682808  0.1         0.1
  0.05122937 -0.00917767  0.1         0.1         0.1        -0.03429582
 -0.01636088  0.06532059  0.1        -0.03254593  0.05518057 -0.02332767
  0.1         0.1        -0.00585006  0.0308004  -0.1        -0.00995064
  0.1        -0.06238802 -0.1         0.03546323  0.0494948  -0.1
 -0.02983249  0.05253915  0.1        -0.1       ]",0.003976394422352314,7.450580596923828e-09,0.06971053034067154,0.03547515347599983,-0.10000000894069672,0.030336057767271996
pt,4,0.4523618705570698,0.3953067660331726,"[0.02501015 0.01889884 0.02755582 0.01801289 0.01950358 0.01736281
 0.01646332 0.03048594 0.01899874 0.02692211 0.02077113 0.02752111
 0.01905102 0.02788366 0.02457071 0.02260594 0.03015444 0.02073692
 0.02626169 0.02292199 0.02228317 0.01938971 0.02456251 0.02530205
 0.02772552 0.03266967 0.02337469 0.0241849  0.02284565 0.02383979
 0.02719429 0.02223645 0.03034141 0.01666596 0.02225237 0.01820059
 0.02713528 0.0219895  0.02732598 0.02490125 0.02418966 0.02321149
 0.02344432 0.02638299 0.02275517 0.02239107 0.02018717 0.0188837
 0.02700679 0.02628062 0.02104552 0.02899678 0.01946694 0.0203034
 0.02289678 0.01880248 0.01943995 0.02324968 0.03019225 0.01784952
 0.03135167 0.02281211 0.02825473 0.01666037]","[ 0.1         0.1        -0.1        -0.1         0.1        -0.1
 -0.1        -0.1         0.1         0.1        -0.00519176 -0.1
  0.1         0.1        -0.1         0.1         0.1         0.1
 -0.1        -0.1        -0.1        -0.1        -0.1         0.1
  0.05324857  0.1        -0.1        -0.1         0.02367374 -0.1
  0.1         0.1        -0.1        -0.1         0.1        -0.1
  0.1         0.1        -0.1         0.1        -0.1         0.08000995
 -0.1        -0.1        -0.1        -0.1        -0.1        -0.1
 -0.1         0.05785005  0.1        -0.1        -0.1        -0.1
 -0.1        -0.1        -0.1         0.09314807  0.1        -0.1
 -0.05888322 -0.1        -0.1         0.1       ]","[-0.1        -0.1        -0.1        -0.1        -0.1        -0.1
 -0.1        -0.1        -0.1        -0.1        -0.1         0.03717573
 -0.1        -0.1        -0.00462234 -0.1        -0.1        -0.1
 -0.1         0.09091097 -0.1        -0.1        -0.1        -0.1
 -0.01954335 -0.1        -0.1        -0.1        -0.1        -0.1
 -0.1        -0.1        -0.1        -0.1        -0.1        -0.1
 -0.1        -0.1        -0.1        -0.1         0.08069289 -0.1
  0.1        -0.1        -0.1         0.1        -0.1        -0.1
  0.09109876 -0.1        -0.1        -0.1         0.1        -0.1
 -0.1        -0.1         0.02348298 -0.1        -0.1         0.1
 -0.1        -0.1         0.1        -0.1       ]",0.004045520909130573,0.09442756325006485,0.06763889640569687,0.02347138524055481,-0.01962726004421711,-0.06876257061958313
pt,5,0.5170165151357651,0.4523618705570698,"[0.02555979 0.02686646 0.03075902 0.03014193 0.03010448 0.03579383
 0.03004015 0.02649175 0.02999602 0.03308084 0.03441972 0.037137
 0.02817228 0.03188408 0.02895946 0.03216689 0.03207359 0.02760688
 0.02715052 0.02798812 0.0315983  0.03454902 0.03213461 0.02136924
 0.0267722  0.02908755 0.03607212 0.02401084 0.02367803 0.03138227
 0.03100155 0.03252526 0.03075971 0.03075243 0.03511944 0.02674949
 0.02566758 0.02980768 0.02495094 0.02998893 0.02324384 0.02887179
 0.02550143 0.03642673 0.02855283 0.03133284 0.03158123 0.03702875
 0.03155016 0.03720501 0.03332706 0.0335507  0.03495972 0.03354944
 0.03405015 0.04202592 0.03343077 0.03307829 0.03191259 0.03144382
 0.02744658 0.03149264 0.03608709 0.03669322]","[-0.01636975 -0.1        -0.1        -0.1        -0.1        -0.1
 -0.1        -0.1        -0.1        -0.1        -0.1        -0.1
 -0.1        -0.1        -0.1        -0.1        -0.1        -0.1
 -0.1        -0.1        -0.1        -0.1        -0.1        -0.1
 -0.1        -0.1        -0.1        -0.1        -0.1        -0.1
 -0.1        -0.1        -0.1        -0.1        -0.1        -0.1
 -0.1        -0.1        -0.1        -0.1        -0.1        -0.1
 -0.1        -0.1        -0.1        -0.1        -0.1        -0.1
 -0.1        -0.1        -0.1        -0.1        -0.1        -0.1
 -0.1        -0.1        -0.1        -0.1        -0.1        -0.1
 -0.06700383 -0.1        -0.1        -0.1       ]","[ 0.03850625  0.08186451  0.01063364 -0.1         0.1        -0.1
 -0.1         0.1        -0.1         0.07974185  0.03761971 -0.1
  0.0731262   0.02372723  0.02576214  0.1        -0.1        -0.1
  0.04849644  0.1        -0.1        -0.1         0.01615093  0.00056039
  0.1         0.1         0.05273401  0.00437385  0.1         0.1
 -0.03571204 -0.1        -0.1        -0.1        -0.1         0.06476868
  0.1         0.07349176  0.02012198  0.1         0.1         0.0680384
  0.1        -0.02577422 -0.1         0.1        -0.1        -0.04994778
  0.1        -0.1         0.09296428 -0.08392628 -0.1         0.06973342
  0.08619716 -0.1        -0.1         0.1        -0.1         0.01324171
  0.1         0.0571005  -0.1         0.01118465]",0.003978029824793339,0.011089296080172062,0.08354417979717255,0.03091738373041153,-0.0981777161359787,0.005543428007513285
pt,6,0.6062372699379921,0.5170165151357651,"[0.02601113 0.02548284 0.02335378 0.0291784  0.03196702 0.02769557
 0.02185098 0.03133487 0.033078   0.03312273 0.03366376 0.03149402
 0.02944083 0.02800384 0.03133001 0.03074501 0.02666571 0.03066391
 0.02863689 0.02846917 0.02737234 0.02089985 0.0235415  0.03364498
 0.0259591  0.02627673 0.02561457 0.02379528 0.02385246 0.02782983
 0.02418111 0.02385753 0.03229555 0.0210644  0.02427078 0.02322835
 0.02320424 0.02874571 0.03283413 0.02775403 0.02888117 0.02334284
 0.02923303 0.02897354 0.02434428 0.0242993  0.02665356 0.03538379
 0.03275703 0.02109685 0.02906518 0.02230372 0.02832518 0.03197867
 0.02343609 0.0273618  0.02286663 0.01928583 0.02846142 0.02750542
 0.02425751 0.02838443 0.02132928 0.02427831]","[-0.1        -0.1        -0.1        -0.1        -0.1        -0.1
 -0.1        -0.1        -0.1        -0.1        -0.1        -0.1
 -0.1        -0.1        -0.1        -0.1        -0.1        -0.1
 -0.1        -0.1        -0.1        -0.1        -0.1        -0.1
 -0.1        -0.1        -0.1        -0.1        -0.1        -0.1
 -0.1        -0.1        -0.1        -0.1        -0.1        -0.1
 -0.1        -0.1        -0.1        -0.1        -0.1        -0.1
 -0.1        -0.1        -0.05527422 -0.1        -0.1        -0.1
 -0.1        -0.1        -0.1        -0.1        -0.1        -0.1
 -0.1        -0.1        -0.1        -0.1        -0.1        -0.03574944
 -0.1        -0.1        -0.1        -0.1       ]","[ 0.05907296 -0.1         0.06279325 -0.1        -0.03260859  0.1
  0.1        -0.1        -0.1        -0.1        -0.1        -0.1
  0.1         0.04308918 -0.1         0.1         0.1        -0.1
 -0.07027003  0.1         0.1         0.1        -0.1        -0.1
 -0.1        -0.1        -0.03051598 -0.1        -0.00052228 -0.1
  0.0706151   0.1        -0.1         0.1         0.1         0.07024825
 -0.02895246 -0.1        -0.1        -0.02257618 -0.05043701 -0.05998464
  0.1        -0.1         0.1         0.1         0.1        -0.1
 -0.07912839  0.06624962  0.1         0.1         0.06691819 -0.04589148
  0.1        -0.1         0.1        -0.1         0.1         0.1
  0.1         0.1         0.1        -0.1       ]",0.0038176835514605045,0.009636332280933857,0.09019507467746735,0.027128372341394424,-0.09829725325107574,0.0018453043885529041
pt,7,1.1407063007354736,0.6062372699379921,"[0.01074531 0.01363284 0.01305709 0.01854838 0.01718383 0.01942366
 0.02032484 0.01432249 0.0240997  0.01017759 0.02128579 0.02154847
 0.02110705 0.01704011 0.01726691 0.01555167 0.01699238 0.01416232
 0.01760999 0.02062519 0.01473466 0.02270365 0.01566303 0.01341502
 0.01469058 0.01484344 0.02128502 0.01320823 0.01602316 0.01679257
 0.01619691 0.00845439 0.01341569 0.01424413 0.0156167  0.01500865
 0.00762633 0.02018957 0.01056144 0.01995771 0.01754511 0.01929083
 0.02035645 0.01098067 0.01082024 0.01275116 0.01464416 0.01740846
 0.0131236  0.01245819 0.02388839 0.01314718 0.01617106 0.01701662
 0.01766801 0.01046919 0.01453352 0.01416402 0.01167318 0.01847352
 0.01589167 0.01631886 0.0186716  0.01384214]","[ 0.03157508  0.1        -0.1         0.1         0.1        -0.1
 -0.1        -0.1         0.1         0.1         0.1         0.1
 -0.1         0.1         0.1         0.1         0.1         0.1
  0.1         0.1        -0.04177172  0.1        -0.03224648 -0.1
 -0.1         0.1         0.1        -0.1         0.1        -0.1
 -0.1        -0.1         0.1        -0.1         0.1        -0.1
  0.1         0.1         0.1        -0.05960543  0.1         0.1
 -0.01610031 -0.1         0.1         0.1        -0.1        -0.09510008
 -0.1        -0.04356384  0.1        -0.1         0.1         0.1
  0.09555945 -0.1         0.1        -0.1         0.03965304  0.1
  0.09712777  0.1        -0.1         0.06081071]","[ 0.1         0.1         0.1         0.1         0.1        -0.1
  0.1        -0.1        -0.1         0.1        -0.1        -0.1
  0.1         0.1        -0.1        -0.1        -0.1        -0.1
 -0.1         0.1         0.1        -0.1         0.1         0.1
  0.1         0.1         0.1         0.1        -0.1         0.1
  0.1         0.1        -0.1         0.1         0.1         0.1
 -0.1        -0.1        -0.1         0.1        -0.1        -0.1
  0.01326257  0.1        -0.1         0.1        -0.1         0.1
 -0.1         0.1        -0.1         0.1        -0.1         0.1
 -0.1         0.1         0.1        -0.1         0.1        -0.1
  0.1        -0.1         0.1         0.1       ]",0.0036622777115553617,0.09223511070013046,0.09819813072681427,0.01594756543636322,0.020880285650491714,0.01426972821354866
q2,0,1.2341043055057526,1.0000007152557373,"[0.01246169 0.02318862 0.01384311 0.0146783  0.02406774 0.02122987
 0.01803851 0.01330638 0.02000029 0.01898185 0.0187667  0.0141232
 0.014696   0.01546687 0.013927   0.01690539 0.02082449 0.0157855
 0.02540403 0.00542137 0.02086752 0.02514716 0.02308714 0.02185591
 0.01095473 0.02029243 0.01584475 0.01983777 0.01822057 0.01229807
 0.01664935 0.01914895 0.01268949 0.02459972 0.01172992 0.01252024
 0.01491923 0.01700297 0.01599856 0.02207465 0.01412225 0.01386523
 0.01233322 0.01674885 0.0191185  0.01426596 0.02216493 0.01813804
 0.01005269 0.01879036 0.02248381 0.02184406 0.01555822 0.01666243
 0.01458073 0.01418584 0.01088643 0.01040671 0.01162    0.02794138
 0.02220661 0.01770868 0.01865831 0.01961743]","[-0.1        -0.1        -0.1        -0.1        -0.1        -0.1
 -0.1        -0.1        -0.1        -0.1        -0.1        -0.1
 -0.1        -0.1        -0.1        -0.1        -0.1        -0.1
  0.1        -0.1        -0.1        -0.1        -0.1        -0.1
 -0.1        -0.1        -0.1        -0.1         0.1        -0.1
 -0.1        -0.1        -0.1        -0.1        -0.1        -0.1
 -0.1        -0.1        -0.1        -0.1        -0.1        -0.1
 -0.1         0.1        -0.1        -0.1        -0.1        -0.1
 -0.1        -0.1        -0.1        -0.02732144 -0.1        -0.1
 -0.1        -0.1        -0.1        -0.1        -0.1        -0.1
 -0.1         0.1        -0.1        -0.1       ]","[-0.1        -0.1         0.1        -0.1        -0.1        -0.1
 -0.1        -0.1        -0.1        -0.1        -0.1        -0.1
 -0.1         0.1        -0.1        -0.1        -0.1        -0.1
 -0.09265302 -0.1        -0.1        -0.1        -0.1        -0.1
 -0.1        -0.1        -0.1        -0.1        -0.1        -0.1
 -0.1        -0.1         0.1        -0.1        -0.1        -0.1
 -0.1        -0.1        -0.1        -0.08611538 -0.08702745 -0.1
 -0.1        -0.1        -0.1        -0.1        -0.1        -0.1
 -0.1        -0.1        -0.1        -0.1        -0.1        -0.1
 -0.1        -0.00236003 -0.1        -0.1         0.04807286 -0.1
 -0.1         0.1        -0.1        -0.1       ]",0.004448312800377607,0.048955127596855164,0.05208946019411087,0.01720026135444641,-0.08636440336704254,-0.08312630653381348
q2,1,1.3825325965881348,1.2341043055057526,"[0.02976657 0.03177333 0.03123569 0.02417153 0.03763906 0.03115002
 0.03058076 0.03127117 0.02343866 0.03514765 0.03630577 0.02820615
 0.02568145 0.02524912 0.03730546 0.03246987 0.02831728 0.02431707
 0.02777287 0.02997467 0.02821929 0.0372354  0.03570668 0.02863091
 0.03806901 0.02975775 0.02916156 0.03693533 0.04054853 0.02690056
 0.02515705 0.0287817  0.03094575 0.03779588 0.02694053 0.03167293
 0.02887989 0.0382842  0.0337504  0.03058182 0.03627903 0.03549824
 0.03199927 0.03138283 0.03083751 0.02779428 0.03168822 0.03218604
 0.03057331 0.0300753  0.03400572 0.03379589 0.03460618 0.02270268
 0.03129353 0.02189521 0.03220915 0.02974005 0.03508145 0.03022841
 0.03030138 0.02124697 0.02655111 0.02712595]","[-0.1         0.1        -0.1         0.09901395 -0.1        -0.1
 -0.1        -0.1        -0.1        -0.1        -0.1        -0.1
 -0.1        -0.1         0.1        -0.1        -0.1        -0.1
 -0.1        -0.1        -0.1        -0.1        -0.1        -0.1
 -0.07472109 -0.1        -0.1        -0.1        -0.1         0.1
 -0.1        -0.1        -0.1        -0.1        -0.1        -0.1
 -0.1        -0.09336578 -0.1        -0.1        -0.1        -0.1
 -0.1        -0.1        -0.1        -0.1        -0.1        -0.1
 -0.1        -0.1        -0.1        -0.1        -0.1        -0.1
 -0.1        -0.1        -0.1        -0.1        -0.1        -0.1
 -0.1        -0.1        -0.1        -0.1       ]","[-0.1        -0.1        -0.1        -0.1        -0.1         0.1
 -0.1        -0.1        -0.1        -0.1         0.01359746  0.1
 -0.1         0.1        -0.1         0.01526249 -0.1        -0.1
  0.1        -0.1        -0.02275816 -0.06463453  0.1        -0.1
 -0.1        -0.1        -0.1        -0.04541374 -0.1        -0.1
 -0.1        -0.1        -0.09048277 -0.04349972 -0.1        -0.1
  0.1        -0.1        -0.1        -0.1        -0.08669391 -0.1
  0.1        -0.1         0.1        -0.1         0.02691937 -0.1
  0.1        -0.1        -0.1        -0.0253698  -0.1        -0.1
 -0.1         0.1        -0.09238631  0.02167887 -0.1        -0.1
 -0.1         0.1         0.1         0.01152349]",0.004336606711149216,0.04833177849650383,0.07874354720115662,0.030856672674417496,-0.0870167687535286,-0.04816026985645294
q2,2,1.5276808142662048,1.3825325965881348,"[0.03660651 0.02407483 0.02740948 0.02218248 0.02353248 0.02454865
 0.03375153 0.02565935 0.0230483  0.02451462 0.02158115 0.01976023
 0.02166802 0.02679059 0.01676374 0.02473314 0.02571466 0.02816092
 0.02368786 0.01922975 0.02085485 0.02397236 0.021599   0.02770248
 0.02233797 0.01975838 0.02524062 0.02338745 0.02493278 0.02426099
 0.02438983 0.0199828  0.02083986 0.02428036 0.02401403 0.02507993
 0.02193222 0.02887062 0.01983828 0.02608265 0.01991235 0.01924998
 0.02195169 0.01948288 0.02932555 0.02699114 0.0247863  0.02125632
 0.03145026 0.02209938 0.03290182 0.02367592 0.02143741 0.02368543
 0.02694802 0.02833902 0.02855069 0.0271447  0.02169518 0.01899846
 0.02690546 0.02853677 0.03010989 0.01996366]","[-0.1 -0.1 -0.1 -0.1 -0.1 -0.1 -0.1 -0.1 -0.1 -0.1 -0.1 -0.1 -0.1 -0.1
 -0.1 -0.1 -0.1 -0.1 -0.1 -0.1 -0.1 -0.1 -0.1 -0.1 -0.1 -0.1 -0.1 -0.1
 -0.1 -0.1 -0.1 -0.1 -0.1 -0.1 -0.1 -0.1 -0.1 -0.1 -0.1 -0.1 -0.1 -0.1
 -0.1 -0.1 -0.1 -0.1 -0.1 -0.1 -0.1 -0.1 -0.1 -0.1 -0.1 -0.1 -0.1 -0.1
 -0.1 -0.1 -0.1 -0.1 -0.1 -0.1 -0.1 -0.1]","[-0.00669402 -0.1         0.1         0.1        -0.03525877  0.1
  0.1         0.1         0.1        -0.1         0.1         0.1
 -0.1        -0.07997125  0.1         0.1         0.1         0.1
  0.1         0.1         0.1         0.1        -0.1         0.1
  0.1         0.1        -0.06536146  0.1         0.1         0.1
 -0.1         0.1         0.1         0.1         0.1        -0.1
  0.1         0.1         0.1         0.1         0.1         0.1
  0.1         0.1         0.09294981  0.1         0.05645478 -0.1
  0.1         0.1        -0.08944356  0.1         0.1         0.1
 -0.1        -0.1         0.1         0.1         0.1        -0.1
  0.1        -0.1         0.1        -0.1       ]",0.0038618079852312803,7.450580596923828e-09,0.08333884924650192,0.024346468970179558,-0.10000000894069672,0.049573056399822235
q2,3,1.693429172039032,1.5276808142662048,"[0.0205161  0.03161728 0.02493043 0.02680986 0.0217111  0.0170521
 0.03308147 0.02169082 0.02673474 0.010889   0.01840814 0.01313107
 0.02250774 0.02342841 0.01579133 0.01775741 0.02407842 0.02015481
 0.02549545 0.01400401 0.02631364 0.02090521 0.02484111 0.02048421
 0.02387383 0.01982807 0.02187898 0.02157018 0.03116278 0.01917512
 0.02397841 0.02370182 0.02330943 0.02341329 0.0173205  0.02163426
 0.02211921 0.0257855  0.02200869 0.01730116 0.02011651 0.01181815
 0.0251335  0.0232928  0.02009518 0.01604594 0.02439449 0.02032383
 0.01785425 0.0211132  0.02419614 0.02360948 0.01571609 0.02503395
 0.02749703 0.02531488 0.0236813  0.0291402  0.0250784  0.0255214
 0.01620688 0.0256797  0.0236719  0.02450167]","[-0.1        -0.1         0.00460575 -0.1         0.01664717 -0.1
 -0.1        -0.1        -0.1         0.1        -0.1        -0.1
  0.1        -0.1        -0.1        -0.1         0.06451517 -0.1
 -0.1        -0.1        -0.00721316 -0.00944039 -0.1        -0.1
 -0.1        -0.1        -0.1        -0.01159203 -0.1         0.1
 -0.05463964  0.1        -0.1        -0.1        -0.1         0.1
  0.03170419  0.08581419  0.0072022  -0.1         0.1        -0.04390316
 -0.1         0.1        -0.1        -0.1        -0.1        -0.1
 -0.1        -0.1        -0.1        -0.1        -0.1         0.1
 -0.0631181  -0.1        -0.1         0.1        -0.08600876  0.02675351
 -0.1        -0.1        -0.1        -0.07113935]","[-0.08640181  0.1         0.061923    0.1        -0.1         0.1
 -0.02751975 -0.01293508 -0.1         0.1         0.06681489 -0.1
 -0.1         0.1         0.1         0.1        -0.07058909  0.08263047
 -0.1         0.1         0.05755621 -0.1         0.03975581  0.08770923
 -0.00373241  0.1        -0.02464495 -0.1         0.1        -0.1
 -0.1         0.03382418  0.04385877  0.1        -0.0313442  -0.1
  0.00014577 -0.1        -0.1         0.1         0.1         0.1
 -0.1         0.01984644 -0.1         0.08155941 -0.08225361  0.00208979
  0.1         0.07059727 -0.1        -0.1         0.1         0.07871576
 -0.08270638  0.1         0.00092976 -0.1        -0.1        -0.1
  0.09450419 -0.1        -0.1        -0.1       ]",0.004447858780622482,0.07544092833995819,0.08627444505691528,0.022116124629974365,-0.05015332251787186,-0.0015572860138490796
q2,4,1.89559318125248,1.693429172039032,"[0.03596903 0.02832214 0.03580787 0.03525218 0.03211525 0.03042006
 0.03351063 0.02858904 0.03878092 0.03081113 0.03342714 0.03433922
 0.03431554 0.03373998 0.03035074 0.03436175 0.03619305 0.02969624
 0.04041387 0.03349108 0.03454082 0.02994901 0.02924177 0.02953119
 0.03617832 0.03866419 0.03528756 0.02852255 0.03692905 0.03361755
 0.03318115 0.03040035 0.02873345 0.03159344 0.0289086  0.0360068
 0.0399687  0.03080538 0.03299631 0.0359729  0.03546546 0.03642899
 0.03288198 0.0265001  0.03729725 0.02613331 0.0319953  0.03360144
 0.0380221  0.03234582 0.02883859 0.03411321 0.0359943  0.0392877
 0.03124458 0.02999386 0.03811216 0.03393542 0.04053149 0.03993423
 0.02879702 0.03696932 0.03330861 0.02574649]","[-0.09116822  0.09359861 -0.01459532 -0.1        -0.1         0.1
  0.1        -0.1         0.1        -0.1         0.0649074   0.00660615
 -0.1        -0.09179325 -0.08960425 -0.1         0.05020611 -0.1
  0.07429259  0.09708043 -0.1         0.04938501 -0.1        -0.07296102
  0.05998341  0.1        -0.1        -0.1         0.09848011 -0.1
  0.0514643  -0.1        -0.1        -0.04620736 -0.1        -0.1
 -0.08794262  0.1        -0.1        -0.1        -0.1         0.02460646
 -0.07158419 -0.04915282 -0.1        -0.1         0.1        -0.1
 -0.03055249 -0.1         0.1        -0.1         0.1         0.03863468
  0.08168416 -0.08555116 -0.06539898  0.09459212  0.1        -0.03688217
 -0.02482367 -0.1        -0.1        -0.0934871 ]","[ 0.1         0.1         0.1         0.1         0.1        -0.1
  0.1         0.1         0.03252311  0.1         0.1         0.1
  0.08682407  0.04455623 -0.1         0.1        -0.1         0.1
 -0.03002747  0.1         0.1         0.1         0.1         0.1
  0.06115222 -0.1         0.1         0.1         0.1         0.1
  0.1         0.1         0.1         0.1         0.1         0.1
 -0.0429555   0.1         0.1         0.1         0.1         0.1
  0.1         0.1         0.1         0.1         0.03948701  0.1
 -0.05872182  0.1         0.1         0.1         0.1         0.1
  0.1         0.02720363  0.1        -0.1         0.1        -0.0980508
  0.1         0.1        -0.07839686  0.1       ]",0.003694411600008607,0.08280259370803833,0.06636422872543335,0.03341272845864296,-0.0275966115295887,0.06693115830421448
q2,5,2.164508461952209,1.89559318125248,"[0.02198772 0.0310741  0.02939234 0.02506425 0.03019686 0.02853732
 0.03031217 0.03035758 0.03363645 0.02648162 0.02740403 0.0317379
 0.0284783  0.02711246 0.02880344 0.02518206 0.02638945 0.03134026
 0.02329265 0.03376586 0.03125367 0.02629915 0.02673139 0.03167818
 0.02671242 0.03178187 0.02383333 0.02864924 0.01489775 0.02760923
 0.02544644 0.02947639 0.02718453 0.02076554 0.02704159 0.02451923
 0.01960281 0.0182591  0.02799333 0.02443628 0.03080218 0.03374624
 0.02889686 0.02722627 0.01648642 0.03122816 0.02620115 0.0282261
 0.03006448 0.03017179 0.0200954  0.03016753 0.03112545 0.03471205
 0.03156368 0.02801535 0.03430271 0.02647452 0.02825968 0.02822579
 0.02922633 0.02635089 0.02627337 0.02933498]","[ 0.1        -0.1         0.00225337 -0.1        -0.1        -0.01953605
 -0.1        -0.1        -0.0832646  -0.1         0.1        -0.01908074
 -0.1        -0.1        -0.1        -0.1        -0.1         0.1
  0.1         0.03962753  0.1        -0.1         0.02714448 -0.00316349
 -0.1        -0.02691     0.1         0.1         0.1         0.1
 -0.1         0.1        -0.1        -0.1        -0.1         0.1
 -0.1         0.1        -0.1        -0.1         0.1         0.1
  0.1         0.08870282 -0.1        -0.1        -0.1        -0.1
  0.1        -0.1         0.1        -0.1        -0.1         0.1
 -0.1        -0.1         0.1        -0.1         0.1        -0.1
  0.1         0.1         0.1        -0.1       ]","[-0.1        -0.1        -0.1        -0.1        -0.1        -0.1
 -0.1        -0.1        -0.1        -0.1        -0.1        -0.1
 -0.1        -0.1        -0.1         0.1        -0.1        -0.1
 -0.1        -0.1        -0.1        -0.1        -0.1        -0.1
  0.1        -0.09876493 -0.1        -0.1        -0.1        -0.1
 -0.1        -0.1        -0.1         0.1        -0.1        -0.1
 -0.1        -0.1        -0.1        -0.1        -0.1        -0.1
 -0.1        -0.1        -0.1        -0.1        -0.1        -0.1
 -0.1        -0.1        -0.1        -0.1        -0.1        -0.1
 -0.1        -0.1        -0.1        -0.1        -0.1        -0.1
 -0.1        -0.1        -0.1        -0.1       ]",0.004076261073350906,0.09321504831314087,0.04227020964026451,0.027685869485139847,-0.013972291722893715,-0.0906057059764862
q2,6,2.580510139465332,2.164508461952209,"[0.03265016 0.03477108 0.03333585 0.03970262 0.03473432 0.03849059
 0.04587612 0.03920608 0.03826802 0.03057555 0.03934461 0.03486502
 0.03250646 0.03991963 0.03647177 0.03620402 0.029326   0.03784858
 0.03705361 0.04254024 0.03793227 0.03484254 0.03946403 0.04005751
 0.03319281 0.04101861 0.02906622 0.03918093 0.04118291 0.03128264
 0.03373265 0.03267611 0.0383128  0.03126139 0.02723944 0.03030406
 0.03960858 0.03561326 0.03767561 0.03526484 0.0334695  0.03751948
 0.03753223 0.0358506  0.0362754  0.0367447  0.03237512 0.03544797
 0.03376983 0.03653044 0.0310397  0.03162013 0.0368735  0.03209317
 0.03394729 0.03888284 0.03404942 0.03476997 0.04410857 0.04146388
 0.03909402 0.02623264 0.03030699 0.03462082]","[-0.1 -0.1 -0.1 -0.1 -0.1 -0.1 -0.1 -0.1 -0.1 -0.1 -0.1 -0.1 -0.1 -0.1
 -0.1 -0.1 -0.1 -0.1 -0.1 -0.1 -0.1 -0.1 -0.1 -0.1 -0.1 -0.1 -0.1 -0.1
 -0.1 -0.1 -0.1 -0.1 -0.1 -0.1 -0.1 -0.1 -0.1 -0.1 -0.1 -0.1 -0.1 -0.1
 -0.1 -0.1 -0.1 -0.1 -0.1 -0.1 -0.1 -0.1 -0.1 -0.1 -0.1 -0.1 -0.1 -0.1
 -0.1 -0.1 -0.1 -0.1 -0.1 -0.1 -0.1 -0.1]","[-0.01693038  0.01845437  0.04118187 -0.1        -0.00612013  0.1
  0.00963132  0.1         0.1         0.1         0.1         0.1
  0.1        -0.05517831  0.1         0.1         0.1        -0.00930926
  0.1         0.07977483  0.05174063  0.1         0.07175934  0.01022836
  0.1         0.0583855   0.0447148  -0.1         0.1         0.1
  0.1         0.1        -0.03358666  0.1         0.1         0.06645364
  0.1        -0.0063402   0.1         0.1        -0.1         0.1
 -0.04959976  0.1         0.1         0.02415502  0.1        -0.04286859
  0.1         0.1         0.1         0.1         0.1         0.1
  0.1        -0.1        -0.00827348  0.02251161 -0.1        -0.1
 -0.01455971  0.1        -0.01467644  0.1       ]",0.003949002828449011,7.450580596923828e-09,0.06760965287685394,0.0357377752661705,-0.10000000894069672,0.04908669367432594
q2,7,4.709999084472656,2.580510139465332,"[0.02908442 0.03784794 0.02750187 0.03152587 0.02901898 0.02921716
 0.03715982 0.03184138 0.03621264 0.03249548 0.02967071 0.03493794
 0.02611982 0.02703321 0.03489649 0.03458723 0.03460534 0.03768258
 0.02351541 0.03057817 0.02912788 0.03374952 0.02987351 0.03005796
 0.02855056 0.03186442 0.03112431 0.03382982 0.02777341 0.0282559
 0.03026269 0.03155075 0.02645235 0.03339412 0.02561138 0.02674514
 0.02989792 0.02948311 0.03488649 0.03981237 0.03036389 0.03646581
 0.03674168 0.03375626 0.03088321 0.02899157 0.03343204 0.03114375
 0.02153106 0.02749426 0.03549398 0.0346157  0.02641527 0.0246644
 0.03854816 0.02720502 0.02906091 0.03260388 0.02685436 0.02729194
 0.03504791 0.03193268 0.03369725 0.02861771]","[ 0.1         0.1         0.1         0.1         0.1         0.04872128
  0.1         0.1         0.1         0.1         0.1         0.1
 -0.00108259  0.1         0.1         0.1         0.1        -0.1
  0.09938896  0.1         0.1         0.07065172  0.1        -0.1
  0.1         0.1         0.03986764  0.1         0.1         0.1
  0.1         0.1         0.1         0.08113382  0.07495689  0.1
 -0.01825597  0.1         0.0782618   0.1         0.1         0.1
  0.1         0.1         0.1         0.1         0.1         0.08448655
  0.1        -0.1         0.03158259  0.1        -0.05801712  0.1
  0.1         0.1         0.08019015  0.1         0.07941867  0.1
 -0.1         0.1        -0.1        -0.04733957]","[ 0.1         0.1         0.01890578  0.1         0.1         0.1
  0.1         0.1         0.1         0.1         0.1         0.1
  0.0840197   0.1         0.07163087  0.1        -0.01066605  0.1
  0.1         0.1         0.08898091  0.1         0.1         0.1
  0.1         0.1         0.1         0.0201736   0.1         0.1
  0.1         0.1         0.1         0.1         0.1         0.1
  0.1         0.1         0.1         0.1         0.1         0.1
 -0.05273314  0.1         0.1         0.1         0.1         0.1
  0.1         0.1         0.1         0.1         0.1         0.1
 -0.0312183   0.1         0.1         0.1         0.1        -0.05560597
  0.1         0.1         0.1         0.0760015 ]",0.003890972351655364,0.06012420356273651,0.03578314185142517,0.03110451251268387,0.07099945098161697,0.08764827251434326
x,0,0.15648642741143706,0.10681463778018953,"[0.01674872 0.01710568 0.01177164 0.02144811 0.01108209 0.01612099
 0.00865409 0.01373027 0.01586757 0.0146067  0.012159   0.01370153
 0.0167176  0.01561771 0.01150447 0.01465785 0.00663528 0.01192766
 0.01180159 0.01018141 0.01736243 0.01609167 0.01378409 0.01208033
 0.01533496 0.01145959 0.00947093 0.01541051 0.00952472 0.0201391
 0.01636497 0.01473043 0.01850178 0.01511265 0.01360069 0.00943782
 0.01556796 0.01987614 0.01690503 0.01627045 0.01345852 0.01051604
 0.01592947 0.00899448 0.01484858 0.00931426 0.01391401 0.02089089
 0.01417187 0.0114904  0.01181823 0.01800045 0.01419854 0.01689681
 0.01695619 0.01667432 0.0268339  0.01475872 0.01187097 0.01484168
 0.02247359 0.01943963 0.01070825 0.0113023 ]","[-0.1 -0.1 -0.1 -0.1 -0.1 -0.1 -0.1 -0.1 -0.1 -0.1 -0.1 -0.1 -0.1 -0.1
 -0.1 -0.1 -0.1 -0.1 -0.1 -0.1 -0.1 -0.1 -0.1 -0.1 -0.1 -0.1 -0.1 -0.1
  0.1 -0.1 -0.1 -0.1 -0.1 -0.1 -0.1 -0.1 -0.1 -0.1 -0.1 -0.1 -0.1 -0.1
 -0.1 -0.1 -0.1 -0.1 -0.1 -0.1 -0.1 -0.1 -0.1 -0.1 -0.1 -0.1 -0.1 -0.1
 -0.1 -0.1 -0.1 -0.1 -0.1 -0.1 -0.1 -0.1]","[ 0.1        -0.1         0.1        -0.1         0.1         0.1
 -0.1        -0.1         0.1        -0.1         0.1        -0.1
  0.1         0.1        -0.1         0.1        -0.1         0.1
  0.1         0.1        -0.1         0.1        -0.1         0.1
 -0.1         0.1        -0.1         0.1         0.1        -0.1
  0.1         0.1         0.1         0.1        -0.1        -0.1
  0.06088248 -0.1         0.1         0.1        -0.1         0.1
 -0.1        -0.1         0.1         0.1         0.1        -0.1
  0.02103259  0.1         0.1         0.1         0.1        -0.1
 -0.1         0.1        -0.1         0.1         0.1        -0.1
 -0.01390288 -0.1        -0.1         0.1       ]",0.0036736521869897842,0.02480391599237919,0.09680044651031494,0.014521380886435509,-0.09687501192092896,0.01512519083917141
x,1,0.18760498613119125,0.15648642741143706,"[0.01514    0.01759283 0.01919342 0.02029124 0.01156668 0.01206157
 0.01594819 0.01497044 0.01822803 0.01462631 0.01021623 0.01497658
 0.01539759 0.00663335 0.01600917 0.01837573 0.01135459 0.00982671
 0.01327132 0.02314616 0.01334371 0.00724176 0.01455129 0.01945957
 0.01856632 0.0202657  0.01449029 0.00885866 0.01461624 0.01056466
 0.02066556 0.01200707 0.01599633 0.01637185 0.01321917 0.01510813
 0.02054524 0.01267194 0.0174617  0.01543229 0.01939363 0.01777352
 0.00980804 0.01765033 0.0116813  0.01599091 0.01832821 0.01002311
 0.00817757 0.01677441 0.01187443 0.0123736  0.01027582 0.02444236
 0.01334843 0.01114864 0.01348187 0.01284956 0.01368813 0.01363847
 0.01138534 0.01834504 0.01505592 0.017086  ]","[-0.1        -0.1        -0.1        -0.1        -0.1        -0.1
 -0.1        -0.1        -0.1        -0.1        -0.1        -0.1
  0.1         0.1         0.1        -0.1        -0.1        -0.1
 -0.1        -0.1        -0.1        -0.1        -0.1        -0.1
 -0.1        -0.1        -0.1        -0.1        -0.1         0.1
  0.1        -0.1        -0.1        -0.1        -0.1         0.1
 -0.1        -0.1        -0.1        -0.1        -0.1        -0.1
 -0.1        -0.1        -0.1        -0.1         0.1        -0.1
 -0.1         0.1        -0.1        -0.1        -0.1        -0.09541231
 -0.1        -0.1        -0.1        -0.1        -0.1        -0.1
 -0.1        -0.1        -0.1        -0.1       ]","[-0.1        -0.1        -0.1        -0.1        -0.1        -0.1
 -0.00417276 -0.1        -0.1        -0.1        -0.1        -0.1
 -0.1        -0.1        -0.1        -0.1        -0.0127663  -0.1
  0.1        -0.1        -0.1         0.04634367 -0.1        -0.1
 -0.1        -0.1        -0.1         0.1        -0.04992206 -0.1
 -0.1        -0.1         0.1        -0.1        -0.1        -0.1
 -0.1        -0.1        -0.1        -0.1        -0.1        -0.1
 -0.1        -0.1        -0.1        -0.1        -0.1        -0.1
  0.1        -0.09966753 -0.08250605 -0.1        -0.1         0.1
  0.1        -0.1        -0.1         0.1        -0.1        -0.1
 -0.1        -0.1         0.06615608 -0.1       ]",0.0037699618842452765,0.06611913442611694,0.06712783873081207,0.014763410203158855,-0.07492832094430923,-0.06932085752487183
x,2,0.21684632450342176,0.18760498613119125,"[0.03343521 0.03630033 0.03189729 0.03260576 0.03536764 0.03352701
 0.03406369 0.03351669 0.0386971  0.03554425 0.02881773 0.03463278
 0.02983135 0.03059331 0.02974587 0.03516975 0.03634512 0.02892287
 0.03449418 0.03982709 0.03474949 0.0419215  0.03617421 0.03529969
 0.03831694 0.03169807 0.03985428 0.02816795 0.03437603 0.04078817
 0.03888665 0.03881752 0.03401438 0.03632913 0.04071351 0.03648126
 0.0409482  0.0364997  0.03399277 0.02882028 0.03680559 0.03245808
 0.03174528 0.03402472 0.03895781 0.03552136 0.0320006  0.03674478
 0.03199951 0.03741487 0.03479237 0.0365259  0.03095163 0.03689811
 0.03955298 0.03727969 0.04146981 0.03582626 0.03596038 0.03341092
 0.03392943 0.03729307 0.03964974 0.03484121]","[-0.1 -0.1 -0.1 -0.1 -0.1 -0.1 -0.1 -0.1 -0.1 -0.1 -0.1 -0.1 -0.1 -0.1
 -0.1 -0.1 -0.1 -0.1 -0.1 -0.1 -0.1 -0.1 -0.1 -0.1 -0.1 -0.1 -0.1 -0.1
 -0.1 -0.1 -0.1 -0.1 -0.1 -0.1 -0.1 -0.1 -0.1 -0.1 -0.1 -0.1 -0.1 -0.1
 -0.1 -0.1 -0.1 -0.1 -0.1 -0.1 -0.1 -0.1 -0.1 -0.1 -0.1 -0.1 -0.1 -0.1
 -0.1 -0.1 -0.1 -0.1 -0.1 -0.1 -0.1 -0.1]","[ 0.1        -0.0814945  -0.1        -0.04200597 -0.1        -0.1
  0.06932238  0.1         0.1        -0.1        -0.1        -0.1
 -0.1         0.1        -0.1        -0.1        -0.1         0.1
 -0.1        -0.1         0.1         0.00913796  0.1         0.1
 -0.1        -0.1        -0.1        -0.1         0.00915861 -0.09861466
 -0.1        -0.1        -0.1         0.1         0.02089589 -0.09880903
 -0.1        -0.1        -0.1         0.1        -0.1         0.01448935
 -0.04120608  0.1         0.01711437  0.1        -0.1        -0.06544627
  0.1         0.08777525 -0.1        -0.1         0.1        -0.1
 -0.1        -0.1        -0.1         0.02790296 -0.06694516  0.07719352
 -0.1        -0.1        -0.1        -0.1       ]",0.0033427109010517597,7.450580596923828e-09,0.08530347049236298,0.03525373339653015,-0.10000000894069672,-0.03377392888069153
x,3,0.2463901862502098,0.21684632450342176,"[0.02852705 0.03296014 0.03329355 0.03124622 0.03188866 0.03365748
 0.03295061 0.03867174 0.03447811 0.02439838 0.02699338 0.02913899
 0.03390973 0.0372585  0.03027525 0.03036274 0.03300511 0.02927039
 0.03490192 0.03303209 0.02550555 0.0369802  0.0347053  0.03720221
 0.03512843 0.03510937 0.03555527 0.03331301 0.02720619 0.03793793
 0.02852128 0.03407731 0.0283526  0.02984244 0.03914249 0.04013442
 0.0347142  0.03601599 0.02522596 0.03265028 0.03323501 0.03909104
 0.03773383 0.03100158 0.0360563  0.03979699 0.0384896  0.03294641
 0.02375578 0.03746031 0.03231202 0.0311181  0.0296513  0.03826276
 0.03110089 0.02732338 0.03061492 0.03346631 0.02986458 0.03030602
 0.03234286 0.03513749 0.03029361 0.02900764]","[-0.05271243  0.08446933  0.02948708 -0.1        -0.1         0.04106064
 -0.1        -0.1        -0.1        -0.1        -0.1         0.1
  0.1        -0.1        -0.08323552 -0.09646041 -0.1        -0.1
 -0.1        -0.1        -0.1        -0.1        -0.08470923 -0.1
 -0.1        -0.1        -0.1        -0.1        -0.1        -0.1
  0.01496194 -0.1        -0.1        -0.1        -0.1        -0.1
  0.1        -0.1         0.1         0.1        -0.1        -0.1
 -0.09617608 -0.00955617 -0.1         0.02369368 -0.1         0.08879095
 -0.1        -0.1        -0.1        -0.1        -0.1        -0.1
 -0.0326927  -0.1         0.09543049 -0.09163791 -0.1        -0.1
 -0.1         0.00152106 -0.1        -0.1       ]","[-0.1         0.01841154 -0.1         0.1        -0.1        -0.1
 -0.1        -0.1        -0.1         0.1         0.1        -0.1
 -0.1         0.08425798  0.02306766 -0.1        -0.1         0.1
 -0.1        -0.1         0.1        -0.1        -0.0965964  -0.1
  0.1         0.04882237  0.02971945 -0.1         0.05936827 -0.1
 -0.1        -0.1        -0.1        -0.1        -0.1        -0.1
 -0.1        -0.1         0.05534837 -0.07231005 -0.1        -0.1
 -0.1         0.06044044 -0.026776   -0.1         0.1        -0.1
 -0.0476138  -0.1        -0.1         0.1         0.1        -0.1
  0.1         0.1        -0.1         0.1        -0.1        -0.1
 -0.1        -0.1        -0.1         0.08263241]",0.0039462861604988575,0.06920039653778076,0.0847473293542862,0.03277982771396637,-0.06199633330106735,-0.0387691855430603
x,4,0.2781225144863129,0.2463901862502098,"[0.0260758  0.02981101 0.02423961 0.02943234 0.02882164 0.0265494
 0.02701425 0.02972209 0.02373809 0.02520995 0.02864118 0.03200368
 0.03320541 0.03579001 0.03547579 0.03037732 0.02893953 0.02132093
 0.03266492 0.02793443 0.03252913 0.02566491 0.03048341 0.02831979
 0.02692737 0.02551571 0.02693937 0.02856471 0.0345885  0.02632982
 0.02564881 0.02745489 0.02963728 0.02437917 0.03149791 0.02340475
 0.03530367 0.04315591 0.03625077 0.02436656 0.02783976 0.03285901
 0.025805   0.0253625  0.03490936 0.03336995 0.02583411 0.02906006
 0.03610632 0.02936656 0.02673233 0.0320784  0.03079662 0.02835425
 0.03094418 0.02609027 0.0316933  0.02655377 0.02235719 0.04060882
 0.02036973 0.03778216 0.03371599 0.03117539]","[-0.1         0.1        -0.1        -0.1        -0.0142653  -0.1
 -0.1        -0.1        -0.1         0.1        -0.1         0.1
 -0.1        -0.1        -0.1         0.07953894  0.03176055 -0.04595631
 -0.01964886  0.1        -0.08872762  0.1        -0.1         0.1
 -0.1        -0.1        -0.1         0.1        -0.1        -0.1
 -0.1         0.1         0.1        -0.1        -0.1         0.02346293
  0.1        -0.01847656 -0.08896462 -0.1        -0.1        -0.1
  0.1        -0.08034236 -0.1         0.0653192   0.1         0.0404763
  0.1        -0.1        -0.1        -0.1        -0.1        -0.1
  0.0160022   0.1         0.07449251  0.1        -0.07211923  0.01692437
  0.06108884  0.04238049  0.1        -0.1       ]","[ 0.1         0.1         0.1         0.1         0.1         0.1
  0.1         0.1         0.1         0.05427925  0.1        -0.05522834
  0.1        -0.03271824  0.1         0.1         0.1         0.1
  0.1         0.00360375  0.1         0.1         0.00724958  0.1
 -0.05053632  0.09511666  0.1         0.1         0.01821169  0.1
  0.1         0.1         0.00453415 -0.1         0.03703866  0.1
  0.05310088 -0.0605553   0.06354757  0.1         0.1         0.1
  0.1         0.1         0.00160983  0.1         0.1         0.1
 -0.03534614  0.1         0.1         0.1         0.1         0.05451933
  0.1         0.1         0.1         0.1         0.1         0.05222239
  0.1         0.04664293  0.1         0.06022091]",0.004491447936743498,0.08716607093811035,0.05009191855788231,0.029432732611894608,-0.021516477689146996,0.0721486508846283
x,5,0.3151669204235077,0.2781225144863129,"[0.02588005 0.02299326 0.0286907  0.02822305 0.0250886  0.03278627
 0.02722686 0.02845369 0.02328543 0.03511105 0.03115889 0.02731079
 0.02745871 0.0208803  0.02630293 0.02576675 0.03004127 0.0248257
 0.03045028 0.03009557 0.03464265 0.02774185 0.02705125 0.03031711
 0.03056314 0.03341965 0.01838825 0.02687716 0.03255608 0.02796079
 0.02616961 0.02969764 0.02066038 0.03263808 0.02913052 0.03350727
 0.03317998 0.02696717 0.02752318 0.03381692 0.03856875 0.02782932
 0.02811481 0.0304292  0.02267187 0.0299897  0.0260145  0.03083877
 0.02542976 0.02676902 0.02779895 0.0329687  0.02950201 0.02542896
 0.02313659 0.03792648 0.03439955 0.02287059 0.03126838 0.02144413
 0.02998902 0.02482818 0.03124127 0.02425105]","[-0.1        -0.1         0.1        -0.01618684 -0.1        -0.1
 -0.1        -0.1        -0.1        -0.1        -0.1        -0.1
 -0.07637049 -0.1        -0.1        -0.1        -0.1        -0.1
 -0.1        -0.1        -0.1        -0.1        -0.1        -0.1
 -0.1        -0.1        -0.1        -0.1        -0.1        -0.1
 -0.1        -0.1        -0.1        -0.1        -0.1        -0.1
 -0.1        -0.1        -0.1         0.1        -0.1        -0.1
 -0.1        -0.1        -0.1        -0.1        -0.1         0.04122614
 -0.1        -0.1         0.04972339 -0.1        -0.1        -0.1
 -0.1        -0.1        -0.1        -0.1        -0.1        -0.1
 -0.1         0.00321067 -0.1        -0.1       ]","[ 0.1         0.1         0.1        -0.0442297   0.1         0.1
  0.1         0.1         0.1         0.1         0.1         0.1
  0.1         0.1         0.1         0.1         0.1         0.1
  0.1        -0.1         0.09461416  0.1         0.1         0.1
  0.1         0.1         0.1        -0.05257961  0.1         0.1
  0.1         0.1         0.1        -0.1         0.1         0.1
  0.1         0.1         0.1        -0.01098749 -0.1         0.1
  0.1         0.1        -0.01757383 -0.1         0.1        -0.02273004
  0.1         0.1         0.1         0.1         0.1         0.1
  0.1        -0.1         0.0985808   0.1         0.1         0.1
  0.08364409  0.1        -0.1         0.1       ]",0.004106764681637287,0.04470318555831909,0.06505682319402695,0.02841481752693653,-0.08591246604919434,0.070761539041996
x,6,0.3679593503475189,0.3151669204235077,"[0.03742914 0.03606621 0.02387838 0.03379787 0.03300453 0.02575268
 0.03666266 0.0299722  0.03321502 0.03373057 0.0333083  0.02355963
 0.0327138  0.03446324 0.03176081 0.03238041 0.03296464 0.03368994
 0.03708964 0.04030371 0.03915252 0.02971849 0.03859223 0.03332909
 0.02816881 0.03127985 0.03147639 0.02979342 0.03025311 0.02769961
 0.0337678  0.02611866 0.03332552 0.02596792 0.02774321 0.036875
 0.03217137 0.03561403 0.03116574 0.03581987 0.02999432 0.02699167
 0.02730312 0.03165312 0.03210923 0.03263434 0.02160186 0.02938806
 0.03502313 0.03600912 0.0372574  0.03524138 0.03707466 0.02611194
 0.02866123 0.03001233 0.0257639  0.03649066 0.03121833 0.03566903
 0.04189102 0.03624232 0.02983337 0.02711258]","[-0.1 -0.1 -0.1 -0.1 -0.1 -0.1 -0.1 -0.1 -0.1 -0.1 -0.1 -0.1  0.1  0.1
 -0.1 -0.1  0.1 -0.1 -0.1 -0.1 -0.1 -0.1 -0.1 -0.1 -0.1  0.1 -0.1 -0.1
 -0.1 -0.1 -0.1 -0.1 -0.1 -0.1 -0.1 -0.1 -0.1 -0.1 -0.1 -0.1 -0.1 -0.1
 -0.1 -0.1 -0.1 -0.1 -0.1 -0.1 -0.1 -0.1 -0.1 -0.1 -0.1 -0.1 -0.1 -0.1
  0.1 -0.1 -0.1 -0.1 -0.1 -0.1 -0.1 -0.1]","[-0.1         0.1         0.1        -0.1        -0.1         0.1
 -0.1         0.1         0.08179221 -0.1         0.04452777  0.1
 -0.1        -0.1        -0.1        -0.1        -0.1        -0.1
 -0.1        -0.1        -0.1        -0.1        -0.05959971  0.04978617
 -0.1        -0.1        -0.1        -0.01106143 -0.1        -0.1
 -0.1         0.09262377 -0.1        -0.1         0.1        -0.06073178
 -0.1        -0.1         0.1        -0.1        -0.1        -0.1
  0.01231621 -0.08188889 -0.07148584 -0.08265126  0.1        -0.1
 -0.1        -0.1        -0.1        -0.1        -0.1        -0.08368585
 -0.09817554 -0.1        -0.1        -0.1        -0.1        -0.06198727
 -0.02622444 -0.1        -0.00824184 -0.1       ]",0.004286268725991249,0.0536736398935318,0.07380138337612152,0.03211037442088127,-0.08437500894069672,-0.055698245763778687
x,7,0.6005192399024963,0.3679593503475189,"[0.03569695 0.04012123 0.03176659 0.03524215 0.02973467 0.03913191
 0.03805233 0.03189234 0.03598648 0.02992564 0.03709319 0.03259834
 0.03146073 0.02836894 0.03647499 0.03475808 0.03325956 0.03673979
 0.03534884 0.03373908 0.03416048 0.03519241 0.03074751 0.03578921
 0.03739075 0.03872676 0.03192858 0.02923769 0.0373576  0.03494561
 0.03333635 0.03844349 0.04290027 0.03462531 0.02939468 0.03166199
 0.03460772 0.03533951 0.03040094 0.03723515 0.0408939  0.03472415
 0.03353603 0.03441955 0.03234136 0.03499082 0.03648669 0.03275881
 0.04076107 0.03144409 0.03390114 0.03847348 0.03005553 0.03707447
 0.03903757 0.03768082 0.03367282 0.0411108  0.0421079  0.03317521
 0.03244271 0.03631889 0.03577231 0.03436469]","[-0.1        -0.1         0.05661307 -0.1        -0.1        -0.1
 -0.1         0.1        -0.1        -0.1        -0.1        -0.1
 -0.1        -0.1        -0.1        -0.1        -0.1        -0.1
 -0.1        -0.1        -0.1         0.1        -0.1        -0.00026971
 -0.1        -0.1        -0.1        -0.07198533 -0.1        -0.1
 -0.1        -0.1        -0.1        -0.1        -0.1        -0.1
 -0.1        -0.02348472 -0.1        -0.1        -0.1        -0.1
 -0.1        -0.1        -0.1        -0.1        -0.1        -0.1
 -0.1        -0.1        -0.1        -0.1        -0.1        -0.1
 -0.1        -0.1        -0.1        -0.1        -0.1        -0.1
 -0.1        -0.1        -0.1        -0.1       ]","[ 0.1        -0.1         0.1         0.1         0.1         0.01012208
 -0.07583461  0.1         0.1         0.1         0.1         0.1
  0.1         0.1         0.1         0.1         0.1        -0.07212956
  0.1         0.1         0.1         0.1         0.02582417  0.1
  0.03323704  0.1         0.1         0.1         0.01028381  0.1
  0.1         0.1        -0.1         0.1         0.05770885 -0.1
  0.04323046  0.1         0.1        -0.03538796  0.1         0.1
  0.1         0.1         0.1         0.1         0.01384629  0.1
  0.01695623  0.09479071  0.1         0.01869099  0.1         0.1
 -0.1         0.1         0.1         0.07830161  0.1         0.1
  0.09391005  0.1         0.1        -0.03163193]",0.0033140641171485186,0.041845597326755524,0.061067063361406326,0.034974355250597,-0.08811135590076447,0.06690497696399689
z,0,0.21421516686677933,0.1212601587176323,"[0.00695248 0.00724614 0.00350129 0.00641948 0.00110561 0.00900073
 0.01032849 0.01080381 0.00604347 0.00729211 0.0052257  0.00793913
 0.00848834 0.00540931 0.00982757 0.00662592 0.00321786 0.00936299
 0.01238648 0.00812456 0.00908349 0.01259834 0.00327253 0.01461219
 0.00827646 0.00622782 0.00907601 0.00897961 0.01039973 0.00549693
 0.01467105 0.00723649 0.00967717 0.00755516 0.01255115 0.01378802
 0.00632816 0.01041866 0.01064205 0.00144207 0.00581482 0.00677158
 0.01940037 0.0014363  0.00591409 0.00494119 0.0074223  0.00734579
 0.00799869 0.00339661 0.00678109 0.00759758 0.00893064 0.00033869
 0.00810753 0.01511155 0.0084114  0.00259648 0.0162605  0.00826989
 0.0108679  0.0111584  0.01435343 0.00912001]","[-0.1        -0.1        -0.1        -0.1        -0.1         0.09658279
 -0.1        -0.1        -0.1         0.1         0.1        -0.1
  0.0960218  -0.1        -0.02118331 -0.1         0.1        -0.1
 -0.1        -0.1        -0.1        -0.1        -0.1        -0.1
 -0.1        -0.1        -0.1        -0.1        -0.023513    0.0251828
  0.1        -0.1         0.1        -0.1        -0.1        -0.1
  0.1        -0.1        -0.1        -0.1        -0.1        -0.1
 -0.1        -0.1        -0.1        -0.1        -0.1         0.05286814
 -0.1         0.00848558  0.1        -0.1         0.1        -0.1
 -0.1        -0.06038438 -0.1         0.00897965 -0.1        -0.1
 -0.1         0.1        -0.1        -0.1       ]","[ 0.1         0.1         0.1         0.1         0.1         0.1
  0.1        -0.1         0.1         0.1        -0.1         0.1
  0.1         0.1         0.1         0.1        -0.1         0.1
  0.1         0.1         0.06769417  0.1         0.1         0.1
  0.1         0.1         0.1         0.1         0.1         0.1
  0.01948253  0.1         0.1         0.1        -0.1        -0.1
 -0.1         0.1         0.09145426  0.1         0.1         0.1
 -0.08753443 -0.09999867  0.1         0.1         0.1         0.1
  0.1         0.1         0.1         0.1         0.1         0.1
  0.1         0.1         0.1         0.1         0.1        -0.1
  0.1         0.1        -0.03436716 -0.1       ]",0.0037548569962382317,0.07741047441959381,0.07312167435884476,0.008218459784984589,-0.05495250225067139,0.0649489238858223
z,1,0.2633742392063141,0.21421516686677933,"[0.02177232 0.02526062 0.02209207 0.01456723 0.01835615 0.02131784
 0.01000373 0.02140759 0.02133729 0.01557019 0.01826062 0.01893709
 0.01914087 0.02056543 0.02273033 0.02082509 0.01957956 0.01960391
 0.02135942 0.01861144 0.01695084 0.0195442  0.01443023 0.017698
 0.02139184 0.01700078 0.01594198 0.01994829 0.01760005 0.01841642
 0.01944483 0.01693106 0.02448406 0.01693639 0.0172815  0.01791465
 0.01292321 0.01697976 0.01269992 0.01550563 0.01617572 0.01274655
 0.02689524 0.0224854  0.01314431 0.02268992 0.02587443 0.01469524
 0.01979086 0.01771197 0.01873598 0.01655577 0.01396976 0.01421292
 0.01738613 0.0206818  0.01975038 0.01935145 0.02239669 0.02200376
 0.01992895 0.02023667 0.02108491 0.01426362]","[ 0.1        -0.1        -0.1         0.1        -0.1        -0.1
 -0.1        -0.1         0.02191888 -0.1         0.1         0.04234951
  0.1        -0.1        -0.1        -0.1        -0.1        -0.1
 -0.1        -0.1         0.06773614 -0.1        -0.1        -0.1
  0.1        -0.1        -0.00097865 -0.1        -0.1        -0.1
 -0.1        -0.1        -0.1        -0.1         0.1         0.1
 -0.1        -0.1        -0.1        -0.1         0.1         0.1
 -0.1         0.1        -0.1         0.1        -0.1         0.1
  0.1        -0.1        -0.1        -0.1         0.1        -0.1
 -0.1        -0.1        -0.1        -0.1        -0.1        -0.01949468
  0.09131494 -0.1        -0.1         0.01037761]","[-0.1        -0.1        -0.03128716  0.1        -0.06249244 -0.02489828
  0.1        -0.1        -0.1         0.1         0.1        -0.1
 -0.1        -0.01166379 -0.1         0.1         0.1        -0.1
  0.01065652  0.00685241 -0.1         0.08441792 -0.1        -0.1
  0.1         0.1        -0.1        -0.1         0.00600388  0.1
 -0.1         0.1        -0.1         0.04651346 -0.09946606 -0.1
  0.1         0.1        -0.00633414  0.1        -0.1         0.1
  0.1         0.1        -0.1        -0.1        -0.1        -0.1
  0.05750681  0.1        -0.1         0.1        -0.09589957 -0.1
  0.1         0.1        -0.1         0.03138561  0.04731064  0.01105804
 -0.0714701  -0.01398562 -0.1         0.1       ]",0.0033954789396375418,0.085959292948246,0.08856991678476334,0.01865766942501068,-0.04198087751865387,-0.008059248328208923
z,2,0.3070552200078964,0.2633742392063141,"[0.02527015 0.02582358 0.0283832  0.02742146 0.01821446 0.02776139
 0.01735742 0.02290586 0.02322879 0.0270827  0.03127442 0.02390255
 0.02546382 0.03018937 0.02412146 0.02169093 0.02550956 0.02677908
 0.02223587 0.02471635 0.02582008 0.02860637 0.02407061 0.02401915
 0.02304687 0.02687263 0.02586434 0.02702121 0.0292484  0.02784321
 0.02752899 0.02731225 0.02729815 0.02148756 0.02892166 0.02038178
 0.03339876 0.0305879  0.0203425  0.02442546 0.0262791  0.0260471
 0.02594247 0.02491661 0.02333443 0.03025772 0.02742365 0.02540288
 0.02847678 0.0217439  0.02186045 0.02160722 0.02416272 0.03055626
 0.02416882 0.02087551 0.02591667 0.02164002 0.02472481 0.02710156
 0.0292944  0.02332333 0.02071732 0.02637185]","[-0.1        -0.1        -0.1        -0.1        -0.1        -0.1
 -0.1        -0.1        -0.1        -0.1        -0.1        -0.1
 -0.1        -0.1        -0.1        -0.1        -0.1        -0.1
 -0.1        -0.1        -0.1        -0.1        -0.1        -0.1
 -0.1        -0.1        -0.1        -0.1        -0.1        -0.1
 -0.1        -0.1        -0.1        -0.1        -0.1        -0.1
 -0.1        -0.1        -0.1        -0.1        -0.1        -0.1
 -0.1        -0.09390532 -0.1        -0.1        -0.07880642 -0.1
 -0.09900476 -0.1        -0.1        -0.1        -0.1        -0.1
 -0.1        -0.1        -0.1        -0.1        -0.1        -0.1
 -0.1        -0.1        -0.1        -0.1       ]","[ 0.1         0.1         0.1         0.1         0.1         0.1
  0.1         0.1         0.1         0.1        -0.1         0.1
  0.1        -0.1         0.1        -0.06112161  0.1         0.1
  0.1         0.1         0.1        -0.0633375   0.1         0.1
  0.1         0.1         0.1         0.05227908 -0.1         0.1
  0.1         0.1         0.1         0.1         0.1         0.1
 -0.1         0.1         0.1         0.1         0.1         0.1
  0.1         0.1        -0.1         0.1         0.1         0.1
  0.1         0.1         0.1         0.1         0.1         0.1
  0.1         0.1         0.1        -0.1        -0.1         0.1
  0.1         0.1         0.1         0.08614589]",0.0032052744645625353,0.002723750891163945,0.06676287949085236,0.025399621576070786,-0.09955807775259018,0.07209321856498718
z,3,0.3488447368144989,0.3070552200078964,"[0.03962148 0.03711586 0.04149635 0.04323529 0.04312947 0.03604234
 0.03232106 0.03882304 0.03500028 0.04241464 0.04197595 0.03446223
 0.03582972 0.04182541 0.04458716 0.0407187  0.04237358 0.04372953
 0.03172334 0.03748669 0.03759855 0.0421253  0.03615405 0.03799574
 0.04281674 0.04048736 0.0477301  0.03514041 0.04159275 0.0414294
 0.04015775 0.04290994 0.0477432  0.04003934 0.0361411  0.03560725
 0.03656348 0.0426641  0.03604876 0.03380689 0.03667985 0.03582004
 0.04103602 0.04961788 0.04403452 0.04051634 0.04315133 0.04452435
 0.03943701 0.03480784 0.04315531 0.03640805 0.04248425 0.04550183
 0.04204048 0.0439929  0.03389429 0.03380203 0.04617429 0.04677291
 0.03597339 0.03940039 0.0452721  0.04490139]","[-0.01051032 -0.1        -0.1        -0.1        -0.1        -0.1
  0.1        -0.09704289 -0.1        -0.1        -0.1         0.1
  0.1        -0.1        -0.1        -0.1        -0.1         0.1
  0.07588414  0.1        -0.1        -0.1        -0.1        -0.1
 -0.00833951 -0.1        -0.1        -0.1        -0.1         0.06855892
 -0.0605368   0.01121868 -0.1         0.1        -0.1         0.06360447
 -0.04284349  0.00060141 -0.1        -0.1        -0.1         0.1
 -0.1        -0.1         0.0375288   0.1         0.1         0.1
 -0.1        -0.05726089 -0.1        -0.1        -0.1        -0.06145786
 -0.07082428 -0.06645173 -0.1        -0.1        -0.1        -0.1
 -0.1         0.1         0.1        -0.00988818]","[ 0.01629894  0.1        -0.06670813 -0.0757309  -0.05356094  0.1
  0.00515156 -0.1         0.1        -0.07470497  0.06823424  0.00024449
 -0.1        -0.1         0.04296871 -0.1        -0.05176052 -0.08416882
  0.1         0.0744351   0.1        -0.1         0.09107882 -0.01724843
  0.01111438 -0.03959087 -0.1         0.0782957   0.03696008 -0.02870188
 -0.1        -0.1        -0.09965361  0.03735704  0.1        -0.02417457
 -0.04342011 -0.08727874  0.1         0.1         0.1        -0.0207092
  0.05971647 -0.1        -0.02976371 -0.1         0.04837405 -0.1
  0.06613048  0.1        -0.1         0.02667361 -0.05700288  0.03876063
  0.1        -0.1         0.07010706 -0.01033951 -0.0312429   0.01301408
 -0.1        -0.06975824 -0.1        -0.03011253]",0.004169289022684097,0.08099281787872314,0.07540731877088547,0.04012598842382431,-0.0410587415099144,-0.009542437270283699
z,4,0.390191912651062,0.3488447368144989,"[0.01966077 0.03322176 0.02349076 0.02859906 0.02153309 0.02748553
 0.02384978 0.02268892 0.0202927  0.02592538 0.02236558 0.03019989
 0.02409196 0.02014686 0.02357253 0.02368662 0.02402919 0.02571204
 0.01834041 0.02738288 0.03045257 0.02717081 0.02545753 0.02166402
 0.02768264 0.02878422 0.02727328 0.02579313 0.02828717 0.02399821
 0.03050159 0.02310474 0.02384186 0.01972574 0.02433785 0.02273793
 0.02398912 0.02836993 0.0253424  0.01835816 0.02205288 0.02224227
 0.02079594 0.02143504 0.02763308 0.0128565  0.0245905  0.02776668
 0.02394839 0.02317258 0.02301053 0.01770457 0.01963784 0.02723845
 0.02669376 0.01963851 0.01734454 0.02408847 0.02382692 0.02536854
 0.02790037 0.02396545 0.02564164 0.01819089]","[-0.1        -0.1        -0.1         0.00363833 -0.1        -0.1
 -0.1        -0.1        -0.1        -0.1        -0.1        -0.1
 -0.1        -0.0081578  -0.1        -0.1        -0.1        -0.1
 -0.1        -0.1        -0.1         0.1        -0.1         0.1
 -0.1        -0.1        -0.04222072  0.1        -0.1         0.00263095
 -0.1        -0.1        -0.1        -0.1        -0.1        -0.1
  0.1        -0.1        -0.1        -0.1        -0.1        -0.1
 -0.1        -0.1        -0.04521306 -0.1         0.08188875 -0.1
 -0.1        -0.1        -0.1        -0.1         0.02306042 -0.1
 -0.1        -0.1         0.1        -0.1        -0.1        -0.1
 -0.1        -0.1        -0.1        -0.1       ]","[ 0.1        -0.1         0.00588602 -0.1        -0.1        -0.1
 -0.04674643 -0.1        -0.1        -0.1        -0.1        -0.1
 -0.1        -0.1        -0.1        -0.1        -0.1        -0.1
 -0.1        -0.04477796  0.1        -0.1        -0.1        -0.1
 -0.1        -0.1        -0.1        -0.1        -0.1         0.1
 -0.1        -0.1        -0.1        -0.1        -0.1         0.1
 -0.1        -0.1        -0.1         0.07679033 -0.1        -0.1
  0.02490618 -0.1        -0.1         0.1        -0.1        -0.1
  0.1        -0.1        -0.1        -0.06745836 -0.1        -0.1
 -0.1        -0.00187045 -0.1        -0.1        -0.1        -0.01209224
 -0.07326201  0.05475303 -0.1         0.1       ]",0.0037071527913212776,0.0610182099044323,0.06883104890584946,0.024060826748609543,-0.07319332659244537,-0.06381049752235413
z,5,0.43275055289268494,0.390191912651062,"[0.03440288 0.02804866 0.03099082 0.02814358 0.02685246 0.03079124
 0.03174924 0.03023625 0.03260192 0.03522867 0.0367066  0.03478821
 0.03144709 0.03530332 0.03206683 0.03537457 0.03340244 0.0277083
 0.03319086 0.03445567 0.02907647 0.02546223 0.02806866 0.03795113
 0.02960271 0.03232366 0.03409078 0.03459883 0.02976575 0.03124488
 0.02977576 0.03260087 0.03290467 0.03375357 0.03283889 0.03446603
 0.02770539 0.03259996 0.03539116 0.03302761 0.03133241 0.035949
 0.02583427 0.03542955 0.04071893 0.03963338 0.02890759 0.03554373
 0.03180156 0.03162469 0.02917505 0.03172809 0.03350697 0.02852203
 0.0308982  0.03152049 0.03099891 0.02762256 0.03177477 0.0340955
 0.02849692 0.03353012 0.04062106 0.03121048]","[-0.1        -0.1        -0.1        -0.1         0.1        -0.1
 -0.1        -0.1        -0.1        -0.1        -0.1        -0.08857059
 -0.1         0.1        -0.1        -0.1        -0.1        -0.1
 -0.1        -0.1        -0.1        -0.1        -0.1        -0.1
 -0.1        -0.1        -0.1        -0.1        -0.1        -0.1
 -0.1        -0.1        -0.1        -0.1         0.1         0.1
 -0.1        -0.1        -0.1        -0.1        -0.1        -0.1
 -0.1        -0.0259818  -0.1        -0.1        -0.1        -0.1
 -0.1        -0.1        -0.1        -0.1        -0.1        -0.1
 -0.1        -0.1        -0.1        -0.1        -0.1        -0.1
 -0.1         0.1        -0.1         0.1       ]","[-0.1        -0.1        -0.1        -0.1        -0.1        -0.1
 -0.1        -0.1        -0.1        -0.1        -0.1        -0.09459482
 -0.1        -0.1        -0.1        -0.1        -0.1        -0.1
 -0.1        -0.1        -0.1        -0.1        -0.1        -0.1
 -0.1        -0.06583562 -0.1        -0.1        -0.1        -0.1
 -0.1        -0.1        -0.1        -0.1        -0.1        -0.1
 -0.1        -0.1        -0.1        -0.1         0.06490714 -0.1
 -0.1        -0.1        -0.1        -0.1        -0.1        -0.1
 -0.1        -0.1        -0.1        -0.1        -0.1        -0.1
 -0.1        -0.1        -0.1        -0.1        -0.1        -0.1
 -0.1        -0.1        -0.1        -0.1       ]",0.0032818668987601995,0.058602336794137955,0.02081822045147419,0.03220648318529129,-0.0799148827791214,-0.09680505841970444
z,6,0.4916067272424698,0.43275055289268494,"[0.02875025 0.02388158 0.02259389 0.02661676 0.02710322 0.03414237
 0.03079713 0.02875208 0.02669435 0.03093975 0.03157041 0.0256443
 0.02580039 0.03187893 0.0278066  0.02892827 0.02501847 0.02576901
 0.02101451 0.03209713 0.03467172 0.02313305 0.02570218 0.03026304
 0.02645845 0.02265262 0.03058643 0.02964181 0.0288748  0.02542202
 0.0280705  0.02815703 0.0257656  0.02326792 0.02736931 0.03205511
 0.02967357 0.02585773 0.02826802 0.02599468 0.02395205 0.03318596
 0.03125787 0.02250012 0.0306356  0.02847538 0.02269152 0.03403077
 0.0215555  0.02386515 0.02344963 0.02266764 0.02625892 0.0295466
 0.02860032 0.02453818 0.02333825 0.0241561  0.02937348 0.03179271
 0.02536879 0.03332878 0.03182409 0.03371899]","[-0.1 -0.1 -0.1 -0.1 -0.1 -0.1 -0.1 -0.1 -0.1 -0.1 -0.1 -0.1 -0.1 -0.1
 -0.1 -0.1 -0.1 -0.1 -0.1 -0.1 -0.1 -0.1 -0.1 -0.1 -0.1 -0.1 -0.1 -0.1
 -0.1 -0.1 -0.1 -0.1 -0.1 -0.1 -0.1 -0.1 -0.1 -0.1 -0.1 -0.1 -0.1 -0.1
 -0.1 -0.1 -0.1 -0.1 -0.1 -0.1 -0.1 -0.1 -0.1 -0.1 -0.1 -0.1 -0.1 -0.1
 -0.1 -0.1 -0.1 -0.1 -0.1 -0.1 -0.1 -0.1]","[ 0.05174137  0.02535775  0.1         0.1         0.1        -0.1
  0.1         0.1         0.1         0.1         0.03118964  0.1
  0.1         0.1         0.1         0.0127801   0.1         0.1
  0.1         0.1         0.1         0.05575378  0.1         0.1
 -0.09291168  0.1         0.09201846  0.1         0.05934375  0.1
  0.07379981 -0.03260538  0.07008918  0.1         0.03474944  0.1
  0.1         0.1         0.1         0.1         0.03209445 -0.05193535
  0.1         0.1         0.1         0.1         0.1         0.1
  0.1         0.1         0.1         0.1         0.1         0.0845433
  0.1         0.1         0.1         0.08418322  0.1         0.05402855
  0.1        -0.1         0.0910193  -0.05059466]",0.0035668793134391308,7.450580596923828e-09,0.05210500955581665,0.027621833607554436,-0.10000000894069672,0.07382258027791977
z,7,0.7940981388092041,0.4916067272424698,"[0.01969915 0.02247097 0.02400969 0.0213441  0.01754221 0.01601175
 0.01759544 0.0204035  0.02396199 0.01617502 0.02139425 0.02250533
 0.01740195 0.01710327 0.02051606 0.01891321 0.02522786 0.02471828
 0.02389164 0.01415782 0.0172278  0.02370429 0.01711698 0.01937189
 0.02135419 0.02580356 0.02276252 0.03243262 0.01960409 0.02144257
 0.02315437 0.0190281  0.01992264 0.02445442 0.02270851 0.01901996
 0.01979473 0.02119301 0.02672838 0.0218262  0.02005082 0.02628351
 0.02502017 0.02022179 0.02317754 0.02370308 0.02219438 0.01567398
 0.02622562 0.01658767 0.01707598 0.02239933 0.01954588 0.02310648
 0.01641396 0.02542762 0.01821166 0.01714964 0.01974955 0.01831188
 0.0156141  0.01767139 0.01599386 0.01741786]","[-0.1        -0.1        -0.09495947 -0.1         0.1        -0.1
 -0.1        -0.1        -0.1         0.1         0.1        -0.1
 -0.1        -0.1        -0.1        -0.1        -0.1        -0.08629648
 -0.1        -0.1        -0.1        -0.1         0.1        -0.1
 -0.1        -0.1        -0.1        -0.1        -0.1        -0.1
 -0.1        -0.1        -0.1        -0.1        -0.1         0.01378608
  0.02140581 -0.1        -0.1        -0.1        -0.1        -0.1
 -0.1        -0.1        -0.1        -0.1        -0.1        -0.1
 -0.1        -0.05353584 -0.1        -0.1        -0.1        -0.1
 -0.1        -0.1        -0.1        -0.1        -0.1        -0.1
 -0.1        -0.1        -0.1         0.05513246]","[ 0.03664691 -0.1        -0.1        -0.1        -0.1         0.01958407
  0.1        -0.1        -0.1         0.1        -0.1         0.00683554
  0.1         0.1        -0.1         0.1        -0.1        -0.1
 -0.1        -0.1         0.1        -0.04954037  0.1        -0.1
  0.1         0.1         0.00629545 -0.1         0.1        -0.08638061
 -0.1         0.1         0.1         0.1        -0.1         0.1
  0.1         0.1        -0.1         0.1         0.1         0.0624797
  0.1        -0.07612557 -0.1        -0.1         0.1        -0.1
 -0.1        -0.1         0.1        -0.07075831 -0.1        -0.1
  0.1         0.1         0.1         0.1         0.1         0.1
  0.04594458 -0.04854736 -0.1         0.1       ]",0.003494022414088249,0.054413653910160065,0.09358877688646317,0.02073315717279911,-0.08038230985403061,0.0022880318574607372
